000000.png	[[1.4539, 1.5583, 3.6397, -10.2409, 1.783, 37.4241, 1.5611]]	[[array([0.]), array([0.]), array([0.])]]
000001.png	[[1.5027, 1.5978, 3.7918, 4.8988, 1.4364, 40.4563, -1.5406], [1.6027666666666667, 1.6583999999999999, 4.1236999999999995, -10.51746979003302, 1.7154208761301333, 38.93237174826454, 1.5125166666666667]]	[[array([0.]), array([0.]), array([0.])], [array([-0.302]), array([-0.209]), array([3.283])]]
000002.png	[[1.4945416666666667, 1.6267666666666667, 4.1185, 5.322255673198849, 1.6529934253278507, 35.097175667799064, -1.7059666666666669], [1.6027666666666667, 1.6583999999999999, 4.1236999999999995, -10.841297305563598, 1.666801255403298, 40.60334710221681, 1.5125166666666667]]	[[array([0.443]), array([0.066]), array([-3.757])], [array([-0.302]), array([-0.209]), array([3.283])]]
000003.png	[]	[]
000004.png	[]	[]
000005.png	[[1.4725257142857144, 1.613382857142857, 3.9311514285714284, 4.688463740857122, 1.7444216013313878, 33.72448430296764, -1.5613942857142857]]	[[array([0.148]), array([-0.151]), array([-0.306])]]
000006.png	[[1.4702021505376346, 1.6097139784946235, 3.8857172043010753, 4.557707382717811, 1.7260818557468898, 32.266884591270745, -1.544184946236559]]	[[array([0.058]), array([-0.128]), array([-0.033])]]
000007.png	[[1.493593442622951, 1.6372442622950818, 4.078107786885246, 4.2650445411744835, 1.7525360027840349, 30.90798667351955, -1.5657303278688524]]	[[array([-0.036]), array([-0.1]), array([0.037])]]
000008.png	[[1.493593442622951, 1.6372442622950818, 4.078107786885246, 4.13178158822815, 1.6962125737718383, 29.438620936109782, -1.5657303278688524]]	[[array([-0.036]), array([-0.1]), array([0.037])]]
000009.png	[]	[]
000010.png	[]	[]
000011.png	[]	[]
000012.png	[]	[]
000013.png	[]	[]
000014.png	[]	[]
000015.png	[]	[]
000016.png	[]	[]
000017.png	[]	[]
000018.png	[[1.4517714285714285, 1.5786085714285714, 3.8544914285714285, -9.785066570644151, 1.6911101503104913, 58.810432165598186, 0.41502319551650063]]	[[array([0.908]), array([0.013]), array([-0.336])]]
000019.png	[[1.4651978494623656, 1.5640096774193548, 3.7951247311827956, -9.116508669766, 1.534653629840067, 57.19543370018841, 0.37459582626965077]]	[[array([0.793]), array([-0.025]), array([-0.291])]]
000020.png	[[1.4759857142857142, 1.606642857142857, 3.907494285714286, -17.548577211360286, 1.6988551455006873, 65.0717776619426, 1.4851291196996492], [1.597942105263158, 1.6087578947368422, 3.7630052631578947, -5.846885424439084, 1.463330617657157, 45.339216949994956, -1.5972471750944683], [1.4824651639344264, 1.5675930327868852, 3.747272131147541, -8.462354519991214, 1.525552272438554, 55.618995836505256, 0.34291316329130134]]	[[array([0.343]), array([0.102]), array([-0.417])], [array([0.039]), array([0.055]), array([0.116])], [array([0.729]), array([0.025]), array([-0.221])]]
000021.png	[[1.4849129032258064, 1.6274462365591398, 3.91722688172043, -17.676100385324503, 1.3657416271966665, 63.156521453124256, 1.091459346123524], [1.597942105263158, 1.6087578947368422, 3.7630052631578947, -5.725688930525483, 1.5039734658505002, 44.129082256122636, -1.5972471750944683], [1.4795195618153365, 1.6091372456964006, 3.9004059467918624, -7.461305257132411, 1.4509033776964806, 54.05978482296186, 0.2909183283929226]]	[[array([0.044]), array([-0.103]), array([-0.515])], [array([0.039]), array([0.055]), array([0.116])], [array([0.776]), array([0.004]), array([-0.225])]]
000022.png	[[1.4828008196721312, 1.6438790983606557, 3.966842213114754, -16.993875325418237, 1.2402872170863797, 61.29093351092933, 1.138455406514294], [1.47623179916318, 1.6061475791990436, 3.923455588762702, -5.842332952774967, 1.4395138762955726, 53.28639931761524, 1.0861537428828913]]	[[array([0.216]), array([-0.093]), array([-0.541])], [array([0.933]), array([0.008]), array([-0.057])]]
000023.png	[[1.579664945226917, 1.6628075117370893, 4.1239507042253525, -16.12782323736118, 1.4432361188966774, 59.531227424190405, 1.3605236607034237], [1.4537156164383562, 1.5996287899543378, 3.8354128310502285, -5.323655045040088, 1.4273031337143727, 51.38885293215303, -2.625862579363618]]	[[array([0.332]), array([-0.003]), array([-0.534])], [array([0.818]), array([0.009]), array([-0.161])]]
000024.png	[[1.516089121338912, 1.6280683801554094, 4.018356186491333, -15.583139701967463, 1.476793077407685, 57.62334147560417, 1.3153912846320908], [1.4900463852794976, 1.586199651172931, 3.7746521234847825, -4.504497987187322, 1.4702226429875929, 49.77757084866328, 0.27115529128025173]]	[[array([0.318]), array([0.032]), array([-0.542])], [array([0.779]), array([0.034]), array([-0.171])]]
000025.png	[[1.4835253196347031, 1.6287677625570776, 3.9719069178082194, -15.055620808874215, 1.4595283365626537, 55.67423093466018, 1.1883901641985133], [1.518076463142467, 1.5800813297358516, 3.8181913094167417, -3.335765606708697, 1.5239712361988949, 48.4121384214412, 0.15530153975919014]]	[[array([0.301]), array([0.032]), array([-0.583])], [array([0.798]), array([0.043]), array([-0.163])]]
000026.png	[[1.4688622569111363, 1.6355242609226475, 4.0685014127496295, -14.458027155432893, 1.4262440505312382, 54.062817056428905, -2.016673079579123], [1.5154952669347042, 1.5763846646139752, 3.818134877092982, -2.170645506329976, 1.4568720600873257, 47.104026154238596, 0.0941152224682]]	[[array([0.292]), array([0.044]), array([-0.562])], [array([0.805]), array([0.041]), array([-0.151])]]
000027.png	[[1.466846071083575, 1.6343968055694347, 4.0680679157922786, -13.599830737126576, 1.4078374089908612, 52.255324140014565, 1.0328204042230558], [1.4654374389479363, 1.5738602030451918, 3.7217618228384532, -0.9781547705329307, 1.4275082593630177, 45.744915077942736, 0.040769481136968745]]	[[array([0.317]), array([0.05]), array([-0.562])], [array([0.81]), array([0.043]), array([-0.134])]]
000028.png	[[1.5338742862232175, 1.6269823718764314, 3.923591396508728, -12.430880170190926, 1.5583875104406364, 50.63466278203088, 1.2807630331719215], [1.5155986603057332, 1.5895828622344326, 3.869742754568827, 0.26286673524793075, 1.5880101365483221, 44.63314990090687, -0.0015469854092487537]]	[[array([0.382]), array([0.057]), array([-0.554])], [array([0.823]), array([0.056]), array([-0.107])]]
000029.png	[[1.4919256702969863, 1.616672099024625, 3.8475167296019284, -11.905961676571486, 1.7357706030501876, 48.90817576682345, -2.0498679115036085], [1.4939682986752205, 1.5660463589837403, 3.820397218487919, 1.4659661793722427, 1.6258722662578684, 43.45911612443047, -0.03859998615582065]]	[[array([0.358]), array([0.078]), array([-0.562])], [array([0.833]), array([0.062]), array([-0.093])]]
000030.png	[[1.5126757472085837, 1.6436974280914416, 3.9194455464493556, -11.168604181461511, 1.7420356997188924, 47.24836465499863, -2.172382079888553], [1.4531976479136937, 1.5521119428091517, 3.7187323464069793, 2.6689420261470267, 1.571091198404251, 42.29507286436971, -0.06622611400927417]]	[[array([0.363]), array([0.083]), array([-0.55])], [array([0.84]), array([0.058]), array([-0.069])]]
000031.png	[[1.546991622634981, 1.6532785444443499, 3.9841873592191432, -10.482880148300302, 1.6343505391847812, 45.500712337254605, 0.9149406545800941], [1.4606155094479805, 1.566072129892934, 3.7444225691600694, 3.921789539094808, 1.523976408830924, 41.23180147712601, -0.1049607057586113]]	[[array([0.368]), array([0.072]), array([-0.564])], [array([0.856]), array([0.053]), array([-0.051])]]
000032.png	[[1.4732653452730098, 1.6319078286961193, 3.928510309264669, -9.713882472852223, 1.6126731606866702, 43.8258853940384, -2.256409100112241], [1.435575547537608, 1.5496496504656216, 3.7345200768320495, 5.169810490215139, 1.4522923882192629, 40.15821913686918, -0.13984210790085003]]	[[array([0.379]), array([0.073]), array([-0.559])], [array([0.868]), array([0.049]), array([-0.027])]]
000033.png	[[1.4673536367801565, 1.6354257840317072, 3.994077343995124, -8.945202785852667, 1.5717245787834617, 42.27874152572687, -2.2905189521125973], [1.4266909705524762, 1.5346007388636875, 3.667883604680217, 6.360510661435201, 1.3996365463152056, 39.20342731174511, -0.1615090767920515]]	[[array([0.396]), array([0.069]), array([-0.553])], [array([0.879]), array([0.044]), array([-0.008])]]
000034.png	[[1.5722008553178428, 1.6794756720216182, 4.198784203250177, -8.206018162502437, 1.6236088842657361, 40.749587413767536, 0.7856401554495208], [1.4794148502983118, 1.5702608433716847, 3.75151373622296, 7.575170295434801, 1.4202545914084799, 38.29489313960903, -0.19432107182867436]]	[[array([0.409]), array([0.067]), array([-0.548])], [array([0.892]), array([0.041]), array([0.012])]]
000035.png	[[1.5723857368989698, 1.6733721710505116, 4.297803011176215, -7.4966819679800665, 1.5766428481885248, 39.221033810546885, 0.7591016798995125], [1.4949801288257094, 1.5832637572626163, 3.7647311741295413, 8.86614756497938, 1.3986946964626836, 37.40652383025918, -0.21402333296347015]]	[[array([0.418]), array([0.058]), array([-0.535])], [array([0.912]), array([0.038]), array([0.041])]]
000036.png	[[1.5637420761376928, 1.6816710257364154, 4.270175030869847, -6.738372564334755, 1.5407040059730008, 37.75561904146667, 0.7220186023395223], [1.5177360606728136, 1.5892810861970388, 3.7520422106885425, 10.15309378910362, 1.4357424549244628, 36.55811728095622, -0.2271112329604851]]	[[array([0.435]), array([0.047]), array([-0.528])], [array([0.932]), array([0.037]), array([0.058])]]
000037.png	[[1.548203418536861, 1.6603667602042382, 4.300288717893071, -5.991401052992769, 1.4735922289097714, 36.2549010593068, 0.6743566849288104], [1.538108895580104, 1.6112947855696216, 3.8039927815022008, 11.452077621380946, 1.4052393675478436, 35.80451403716608, -0.2453980966761079]]	[[array([0.452]), array([0.039]), array([-0.527])], [array([0.954]), array([0.031]), array([0.08])]]
000038.png	[[1.5847889178988828, 1.6719445391174212, 4.262472010507124, -5.290473648165443, 1.4911150343068407, 34.83871346043808, 0.6340876390485375], [1.592057765027116, 1.6362047780114481, 3.952263596680288, 12.746357283215993, 1.3989134744102776, 35.01436844008329, -0.2533101080509635]]	[[array([0.463]), array([0.042]), array([-0.51])], [array([0.973]), array([0.033]), array([0.104])]]
000039.png	[[1.6050672818450364, 1.6738947211930257, 4.259213728824675, -4.5604945944871265, 1.472998305141143, 33.44508824271118, 0.6090030985934289], [1.5270666920593834, 1.6187732665552277, 3.9330034347201765, 13.995711345357462, 1.3350092585412607, 34.28142849707396, -0.2560850138812826]]	[[array([0.478]), array([0.043]), array([-0.503])], [array([0.989]), array([0.032]), array([0.121])]]
000040.png	[[1.617819002945101, 1.6840955444895291, 4.283802996696647, -3.84649200358269, 1.4475550491543057, 32.11323597092775, 0.588358848333126], [1.5003264057859094, 1.6116205944632345, 3.9273772026487417, 15.34196918223546, 1.2788024519878578, 33.55373098587988, -0.2690729895757572]]	[[array([0.491]), array([0.04]), array([-0.492])], [array([1.012]), array([0.027]), array([0.135])]]
000041.png	[[1.4746057142857143, 1.5468257142857145, 3.8578142857142854, -10.708392220165896, -0.4804836931689451, 63.94736397497933, 1.5702], [1.671329001904883, 1.696582584719185, 4.279660316911641, -3.0478211498855896, 1.429654471872478, 30.783643000800936, 0.5349243414350819], [1.545488370690335, 1.6097537644187259, 3.849024582413186, 16.591386941381202, 1.2319620755105094, 32.81385156406225, -0.26723558096974015]]	[[array([0.032]), array([0.064]), array([0.139])], [array([0.512]), array([0.036]), array([-0.474])], [array([1.026]), array([0.019]), array([0.154])]]
000042.png	[[1.4817118279569892, 1.5638978494623657, 3.9557193548387097, -10.412071641491785, -0.3932282960626848, 62.881449834047636, 1.568952688172043], [1.6839189711124247, 1.705678447589276, 4.2544072522691545, -2.363016852737879, 1.3969117956781003, 29.540295159162792, 0.478359187630251], [1.5233699412017274, 1.5885837737653214, 3.7417186891993297, 17.77304866775495, 1.1734817150318833, 32.14652522044783, -0.2709217946535874]]	[[array([0.124]), array([0.098]), array([-0.005])], [array([0.524]), array([0.031]), array([-0.459])], [array([1.037]), array([0.012]), array([0.166])]]
000043.png	[[1.4817118279569892, 1.5638978494623657, 3.9557193548387097, -10.279184346784204, -0.266498015482371, 61.952052820278865, 1.568952688172043], [1.647999471573773, 1.6896846874030207, 4.310582059697687, -1.5727813121254353, 1.3698226947853673, 28.293512983138847, 0.4455668062592979], [1.5761068178010869, 1.6067640013991091, 3.6198308360574423, 19.022136240326677, 1.1400151654268245, 31.566174795867592, -0.27745948509764623]]	[[array([0.124]), array([0.098]), array([-0.005])], [array([0.548]), array([0.024]), array([-0.446])], [array([1.055]), array([0.004]), array([0.183])]]
000044.png	[[1.6783452670067616, 1.7084205809675317, 4.36850293216015, -0.8439236584413401, 1.4060732010527006, 27.05588218249019, 0.3947849272440242], [1.5712201356571625, 1.6048703443928825, 3.6570174244486076, 20.262885214254293, 1.0786246831175024, 31.016390635201216, -0.28032748103260124]]	[[array([0.569]), array([0.022]), array([-0.426])], [array([1.078]), array([-0.006]), array([0.204])]]
000045.png	[[1.6581075790258923, 1.6980866936179524, 4.459413919730626, -0.27567664953457904, 1.348655290481869, 25.96783283307538, 0.34652578819815455], [1.618672701472642, 1.6332564326496584, 3.866520177733347, 21.45164554138245, 1.0506206952274078, 30.601982862557776, -0.29959315726940444]]	[[array([0.58]), array([0.013]), array([-0.404])], [array([1.1]), array([-0.011]), array([0.221])]]
000046.png	[[1.6717614460816619, 1.716388723481322, 4.455017275543861, 0.27842979311162375, 1.3335045794142677, 24.845193663117417, 0.2973143447106948], [1.5351931810102812, 1.6326035213653445, 4.0179260344520475, 22.666252246114787, 0.9180902384507765, 30.25605372749795, -0.3138121680507359]]	[[array([0.595]), array([0.008]), array([-0.38])], [array([1.132]), array([-0.028]), array([0.243])]]
000047.png	[[1.685073004471717, 1.7121312582307655, 4.54888596156169, 0.8483214129396968, 1.306669546369225, 23.824580841954813, 0.236243721103437], [1.520364579647699, 1.5887209318406323, 3.7728594677364704, 23.62866217541099, 0.8404104462177291, 29.94585255421039, -0.3131248103941794]]	[[array([0.615]), array([0.003]), array([-0.359])], [array([1.144]), array([-0.037]), array([0.252])]]
000048.png	[[1.6358941831212486, 1.6977117476438517, 4.460948401194605, 1.2915349411217474, 1.2589761265817796, 22.875881737004864, 0.16563721846024929], [1.4805850817538213, 1.6084232794927962, 3.831412336787588, 24.624110351041917, 0.7281082610117924, 29.782979115462616, -0.31477816849692697]]	[[array([0.624]), array([-0.003]), array([-0.335])], [array([1.162]), array([-0.049]), array([0.267])]]
000049.png	[[1.585898828460159, 1.6743428024259175, 4.454305523931619, 1.7262415129994533, 1.193444567770408, 21.93169192536567, 0.10770443144094113], [1.5420268802187518, 1.633871892311503, 3.9267055532987802, 25.630340468332026, 0.6234976626303222, 29.834095628627033, -0.38512392902758963]]	[[array([0.638]), array([-0.01]), array([-0.307])], [array([1.19]), array([-0.059]), array([0.297])]]
000050.png	[[1.6109299290559707, 1.688407524015397, 4.482051836048997, 2.177863210306187, 1.1812750028574932, 21.11504969167847, 0.03242515283008318], [1.4978826405331955, 1.6106511858413433, 3.9723748329400017, 26.71374036570415, 0.5142552653351703, 29.837498422571173, -0.35253874886810205]]	[[array([0.653]), array([-0.01]), array([-0.28])], [array([1.224]), array([-0.063]), array([0.308])]]
000051.png	[[1.5942863175847575, 1.6885882841147748, 4.482576030198749, 2.593070691809087, 1.1527520943872709, 20.37882759470188, -0.044906444466433326], [1.4978826405331955, 1.6106511858413433, 3.9723748329400017, 27.404489377319898, 0.39130691356930203, 29.798926459183377, -0.35253874886810205]]	[[array([0.664]), array([-0.009]), array([-0.251])], [array([1.224]), array([-0.063]), array([0.308])]]
000052.png	[[1.5838499993725523, 1.6869886365593025, 4.467634421822878, 2.965358369839147, 1.1403541944922355, 19.667382572729935, -0.10843635561062737]]	[[array([0.675]), array([-0.005]), array([-0.217])]]
000053.png	[[1.6480328294920128, 1.667342178709636, 4.2968503568747884, 3.375266309517065, 1.1022601303058233, 19.06556139269889, -0.18165091427444044]]	[[array([0.686]), array([0.]), array([-0.184])]]
000054.png	[[1.6752678386539859, 1.6877112324622259, 4.303617608490851, 3.7488452202997444, 1.0150652984281088, 18.49145700994505, -0.25368221061056145]]	[[array([0.693]), array([0.002]), array([-0.154])]]
000055.png	[[1.6882664292226943, 1.698087261429791, 4.370292593231128, 4.188723519217321, 0.9922461872212543, 18.025675813990823, -0.32439629337086157]]	[[array([0.71]), array([0.008]), array([-0.111])]]
000056.png	[[1.6475587372454799, 1.6880829836814, 4.41590807923578, 4.579340673206486, 0.9108842569173662, 17.752261669358827, -0.3768696698385189]]	[[array([0.719]), array([0.008]), array([-0.063])]]
000057.png	[[1.6488203070077425, 1.6851269371986588, 4.332035873720104, 4.866644726243024, 0.8997556724377962, 17.41559384993772, -0.42843244957093973]]	[[array([0.724]), array([0.013]), array([-0.021])]]
000058.png	[[1.684035693945492, 1.6824527429427014, 4.2839924616159095, 5.18548814083939, 0.8493283362027948, 17.134639524078562, -0.49003038331154314]]	[[array([0.729]), array([0.012]), array([0.016])]]
000059.png	[[1.6243733539596203, 1.6864991703371945, 4.383995019973231, 5.474686420426529, 0.8245720315415038, 16.951238793201902, -0.5338302151946862]]	[[array([0.732]), array([0.011]), array([0.057])]]
000060.png	[[1.6112875015567427, 1.6679586634345107, 4.245805697914562, 5.697858672271716, 0.7642395329767536, 16.810957169398943, -0.5822036024965102]]	[[array([0.736]), array([0.006]), array([0.102])]]
000061.png	[[1.6043732453454833, 1.6632871525224622, 4.229177062112325, 5.9399054098787705, 0.7863171909535016, 16.738914229211524, -0.6179237405809664]]	[[array([0.739]), array([0.005]), array([0.143])]]
000062.png	[[1.5893715547047096, 1.6773244642448728, 4.215903507748416, 6.114091718347779, 0.7603304729194136, 16.736241685272013, -0.6585757045547596]]	[[array([0.738]), array([0.]), array([0.185])]]
000063.png	[[1.6037275234030166, 1.667791621083284, 4.176717984953927, 6.228357430879852, 0.7624712405892065, 16.71277153587166, -0.7132249245711807]]	[[array([0.738]), array([-0.002]), array([0.226])]]
000064.png	[[1.6059354353639659, 1.6749041904092272, 4.193888214528362, 6.358855995811327, 0.7644993724843934, 16.80855936839505, -0.754246977192029]]	[[array([0.736]), array([-0.007]), array([0.267])]]
000065.png	[[1.607025996284381, 1.6868296565767709, 4.202671580990656, 6.4388466482765585, 0.8396389839964414, 16.9076436285632, -0.7895076844482781]]	[[array([0.738]), array([-0.006]), array([0.31])]]
000066.png	[[1.6214719250337999, 1.6768609805854633, 4.254603999959349, 6.497752583955476, 0.8834828132481496, 17.107121408354757, -0.8322708872195502]]	[[array([0.734]), array([-0.01]), array([0.352])]]
000067.png	[[1.6795844712596346, 1.6978364481284896, 4.171290546165031, 6.500678267107404, 0.9514128740164571, 17.326424460925843, -0.8648592711144947]]	[[array([0.726]), array([-0.01]), array([0.391])]]
000068.png	[[1.5633, 1.62284, 3.9200485714285715, 6.400938425321264, 0.6289397653949508, 32.249550708017686, -0.78254], [1.6758858646164836, 1.6953417859912572, 4.14657502940637, 6.451861191862903, 1.0119143603716834, 17.556778714426983, -0.8928813826404312]]	[[array([-0.932]), array([0.125]), array([-0.84])], [array([0.72]), array([-0.009]), array([0.431])]]
000069.png	[[1.488710752688172, 1.6048537634408604, 3.905736559139785, 4.4200697603842345, 1.0032038413781006, 30.744325899010242, -0.8044677419354839], [1.6378855104558223, 1.7025469584967805, 4.357463659043416, 6.399124698420437, 1.15807803091295, 17.857168815348313, -0.9465382390249164]]	[[array([-0.852]), array([0.17]), array([-0.835])], [array([0.713]), array([-0.001]), array([0.473])]]
000070.png	[[1.5664319672131148, 1.6081004098360656, 3.79172131147541, 2.3889066720066294, 1.3588542753429211, 29.03331624347807, 2.2887771179666014], [1.6180555744477338, 1.6905898805668367, 4.220220770088417, 6.3233897550676375, 1.302151595983951, 18.161169659916503, -0.9843382861193151]]	[[array([-0.875]), array([0.161]), array([-0.892])], [array([0.704]), array([0.003]), array([0.51])]]
000071.png	[[1.4751371428571427, 1.6035542857142855, 3.953134285714286, 26.76206759282654, 0.3626566450457989, 52.70742422296348, -1.0475628571428572], [1.5206070422535212, 1.5579679186228481, 3.527942097026604, 0.4238885466119832, 1.5202012989540263, 27.262543655503617, 2.216343688237638], [1.6572663858357466, 1.686826127389104, 4.112793626223095, 6.1509531291955275, 1.3814965907772556, 18.513017793952795, -1.020160595343775]]	[[array([0.967]), array([0.114]), array([1.457])], [array([-0.856]), array([0.127]), array([-0.892])], [array([0.695]), array([0.004]), array([0.554])]]
000072.png	[[1.4751371428571427, 1.6035542857142855, 3.953134285714286, 25.681405303707134, 0.4920893695919147, 54.32682763398165, -1.0475628571428572], [1.4722092647937837, 1.5236240884638375, 3.4216730424387327, -1.3136002157559432, 1.5935449402283342, 25.422502939986977, 2.2062424487650034], [1.6507360002510099, 1.677724880139977, 4.10760607992836, 5.986974519948877, 1.4017022170570672, 18.856092834733307, -1.0602953546305052]]	[[array([0.967]), array([0.114]), array([1.457])], [array([-0.832]), array([0.107]), array([-0.909])], [array([0.682]), array([0.005]), array([0.589])]]
000073.png	[[1.4969796875, 1.62531171875, 4.10866640625, 24.207086294612242, 0.6934995239222802, 56.07713479116698, -1.1509796875], [1.5521156621004566, 1.5496285388127855, 3.504444794520548, -2.896146390426708, 1.7042956181137638, 23.67069564299463, 2.1887875837406052], [1.6837167658715266, 1.7016274187324472, 4.208836289683217, 5.757889828042382, 1.4817111656419708, 19.33255018342218, -1.102571750457236]]	[[array([0.858]), array([0.108]), array([1.516])], [array([-0.799]), array([0.096]), array([-0.891])], [array([0.667]), array([0.008]), array([0.633])]]
000074.png	[[1.4757790830945559, 1.6126395415472778, 3.932774212034384, 22.520571926273206, 0.9287568362684788, 57.44336554626817, -1.1496627507163324], [1.5273846080055813, 1.5420090782244704, 3.4966916804744046, -4.466610718367826, 1.8347602747001395, 21.68826434931307, 2.147139741587499], [1.6687499814653246, 1.7013014560294915, 4.202262701144799, 5.450814291567467, 1.5088469895191976, 19.69256906058761, -1.1216864598872025]]	[[array([0.83]), array([0.098]), array([1.456])], [array([-0.769]), array([0.089]), array([-0.889])], [array([0.656]), array([0.005]), array([0.669])]]
000075.png	[[1.469713710554951, 1.601450707290533, 3.8605943416757342, 20.87823283977251, 1.1397285732782398, 58.93049476715028, -1.1978164309031556], [1.488705189700543, 1.5503469271509944, 3.563135481829386, -5.8232784288062645, 1.8876397804045655, 19.767619087570907, 2.1113310088532646], [1.6590159575975731, 1.6928334905079034, 4.256054710126295, 5.159046385921716, 1.5610212158603483, 20.18512982296426, -1.1539562023498673]]	[[array([0.779]), array([0.067]), array([1.465])], [array([-0.74]), array([0.076]), array([-0.884])], [array([0.64]), array([0.002]), array([0.711])]]
000076.png	[[1.4792279069767442, 1.6073555647840532, 3.9313995431893685, 19.034154671423256, 1.0595244805901844, 60.57107276673334, -1.2542002906976744], [1.5046472594025142, 1.5452500458038578, 3.53431316860909, -7.100006127768177, 1.8499764368680842, 17.80349321665137, 2.071819471942387], [1.712527838685635, 1.7177195619823393, 4.264178946060214, 4.761617400010455, 1.567047902902819, 20.655476863723703, -1.1973692567965193]]	[[array([0.717]), array([0.025]), array([1.514])], [array([-0.716]), array([0.06]), array([-0.879])], [array([0.619]), array([0.001]), array([0.748])]]
000077.png	[[1.467343505154639, 1.593228977002379, 3.7923316256938935, 17.172331999012943, 1.1346421154837845, 62.050569396718934, -1.3195312609040444], [1.5125906899551436, 1.5521410964829152, 3.477693116486123, -8.24438919490047, 1.827077069530804, 15.746086605329623, 2.044119514872569], [1.6766646620842167, 1.7243204356919901, 4.378219229034954, 4.309342489213107, 1.48507037550532, 21.06251014658148, -1.229402417758438]]	[[array([0.703]), array([0.058]), array([1.543])], [array([-0.686]), array([0.054]), array([-0.867])], [array([0.6]), array([-0.002]), array([0.785])]]
000078.png	[[1.4654006906161021, 1.5900590597928153, 3.8298889622584356, 15.470687169906896, 1.058900884817467, 63.490889428153594, -1.3117246259162778], [1.486268195951402, 1.5422889570358544, 3.4865970601720795, -9.182360449758278, 1.8003812392558851, 13.810763097560372, 2.0187062570735077], [1.6534484241402663, 1.7134304075377584, 4.313375579417918, 3.9044636124244483, 1.4293242667077264, 21.55093203435411, -1.26796624439954]]	[[array([0.679]), array([0.044]), array([1.57])], [array([-0.654]), array([0.048]), array([-0.853])], [array([0.579]), array([-0.005]), array([0.823])]]
000079.png	[[1.4711479891706774, 1.5906405937615697, 3.9056668733802296, 13.63568278349288, 0.9660253481927987, 65.0106609433007, -1.3240083024805627], [1.4869058859231905, 1.5738155153905278, 3.6361631023690606, -10.007486489925158, 1.8413981841047289, 11.726446323905675, 1.9700013116739867], [1.6687457392967031, 1.6975281411350371, 4.154123313266822, 3.4174075935442794, 1.3931580854369632, 21.916374969494687, -1.3069232477991783]]	[[array([0.665]), array([0.033]), array([1.62])], [array([-0.62]), array([0.047]), array([-0.84])], [array([0.558]), array([-0.005]), array([0.855])]]
000080.png	[[1.4607971601806593, 1.5901210781237571, 3.7700906576749365, 11.899814754740305, 1.1424674616032595, 66.0375137210545, -1.3910598748464307], [1.4869058859231905, 1.5738155153905278, 3.6361631023690606, -10.96848319963491, 1.928720558545805, 9.651329443522014, 1.9700013116739867], [1.6604358154074705, 1.6785989089013553, 3.9796379098514416, 2.98042888842769, 1.3791131554082492, 22.320479407191808, -1.3368835283234923]]	[[array([0.628]), array([0.055]), array([1.606])], [array([-0.62]), array([0.047]), array([-0.84])], [array([0.533]), array([-0.005]), array([0.885])]]
000081.png	[[1.4555456262005961, 1.5628527512854187, 3.567010455863636, 10.110415778044064, 1.2648880837571617, 67.17056789820182, -1.419885058421982], [1.7173964140310731, 1.6978204402875245, 4.023618500273734, 2.527908081142855, 1.4565064458541757, 22.834755182967665, -1.3657558956540459]]	[[array([0.574]), array([0.066]), array([1.618])], [array([0.505]), array([0.003]), array([0.926])]]
000082.png	[[1.459163828209625, 1.5702365571001187, 3.5635430034301336, 8.475323814837934, 1.402460486253661, 68.1863243456009, -1.3672996001186362], [1.7031838485405049, 1.7038027371859685, 4.137325320405746, 2.030256063342843, 1.4683540597384535, 23.276069222123702, -1.413371770772639]]	[[array([0.549]), array([0.081]), array([1.633])], [array([0.477]), array([0.007]), array([0.967])]]
000083.png	[[1.459163828209625, 1.5702365571001187, 3.5635430034301336, 7.362423876838041, 1.4970114728715576, 69.07532357594529, -1.3672996001186362], [1.665988184568697, 1.676792960203636, 3.996336118700535, 1.583550333224657, 1.5265980372243733, 23.613507069307328, -1.462708329696866]]	[[array([0.549]), array([0.081]), array([1.633])], [array([0.446]), array([0.012]), array([0.99])]]
000084.png	[[1.6556743192947108, 1.6754994396606882, 4.060280313951589, 1.1913514494724113, 1.5606239704016525, 24.071990230365934, -1.4780304245820841]]	[[array([0.419]), array([0.013]), array([1.024])]]
000085.png	[[1.6856030358989296, 1.6910124390870505, 3.997685637538247, 0.7912963580010498, 1.6750018795818071, 24.42544767310412, -1.4832031066617617]]	[[array([0.394]), array([0.02]), array([1.057])]]
000086.png	[[1.689062149947204, 1.6876055643703398, 3.9362619355460327, 0.43109279123510336, 1.7225377383796312, 24.777709271694842, -1.5076135291948223]]	[[array([0.366]), array([0.021]), array([1.08])]]
000087.png	[[1.6661564815836867, 1.6717804552883464, 3.7792430241309996, 0.06823348916612831, 1.7757345064647307, 25.121813380897105, -1.5438837628322006]]	[[array([0.335]), array([0.024]), array([1.102])]]
000088.png	[[1.6494964597478576, 1.658690214022951, 3.857892160523567, -0.16935977619103465, 1.7632225938090262, 25.579404514574893, -1.5456860965211563]]	[[array([0.311]), array([0.023]), array([1.143])]]
000089.png	[[1.6409079753003868, 1.654988058156881, 3.7090126176966067, -0.3669914882722213, 1.8423673583231341, 25.929554853584726, -1.5590442235006412]]	[[array([0.284]), array([0.027]), array([1.163])]]
000090.png	[[1.6696416267705474, 1.6637715212620654, 3.710488101104244, -0.488663464001119, 1.9209507421922825, 26.409083369591748, -1.561921651621268]]	[[array([0.259]), array([0.028]), array([1.194])]]
000091.png	[[1.65255816192201, 1.6927131127635606, 4.0405256050186935, -0.5613378651239141, 2.0199750297930317, 26.993698883853337, -1.5586326900430383]]	[[array([0.239]), array([0.026]), array([1.242])]]
000092.png	[[1.603944744361615, 1.6650788893328734, 3.830069207077519, -0.6659940189948967, 2.059887559316093, 27.365480672012858, -1.5749285837883442]]	[[array([0.215]), array([0.024]), array([1.24])]]
000093.png	[[1.5906911634660843, 1.657860938774309, 3.862040595368595, -0.7939673236272127, 2.0486803133643074, 27.721203794763223, -1.5750345248333701]]	[[array([0.195]), array([0.022]), array([1.275])]]
000094.png	[[1.5863085834242627, 1.6458952205576804, 3.852312372427644, -0.8660603681336729, 2.0784606046188583, 28.19249154436745, -1.5677821896445177]]	[[array([0.18]), array([0.023]), array([1.308])]]
000095.png	[[1.6288858204011962, 1.6635121430948532, 3.8116380893870936, -0.9702706949112387, 2.1427664438237786, 28.673019804173514, -1.5846037215435547]]	[[array([0.162]), array([0.022]), array([1.332])]]
000096.png	[[1.6007740373870836, 1.6648643130247551, 3.831206226294631, -1.0697515924249537, 2.1685804798899584, 29.17031548160214, -1.5777412442280234]]	[[array([0.145]), array([0.019]), array([1.355])]]
000097.png	[[1.6593179018989177, 1.689545924939533, 4.002026972723396, -1.1233560833449994, 2.2207078224853327, 29.73284279678047, -1.5676417998766419]]	[[array([0.135]), array([0.023]), array([1.393])]]
000098.png	[[1.679392942551295, 1.7166492338720907, 4.230930092096529, -1.3089135812779382, 2.183840068947282, 30.31895951920902, -1.6092096535750195]]	[[array([0.112]), array([0.021]), array([1.421])]]
000099.png	[[1.6368147624696008, 1.686829567407996, 4.0037221998936205, -1.3763509410200885, 2.131151761161545, 30.639193939960514, -1.5956069395850467]]	[[array([0.101]), array([0.016]), array([1.423])]]
000100.png	[[1.622096429829382, 1.693238847227894, 4.127562490950296, -1.4599190765553398, 2.1902336275130225, 31.12511573696558, -1.5887424734104962]]	[[array([0.088]), array([0.019]), array([1.451])]]
000101.png	[[1.6002202331144233, 1.6624367456809421, 3.8520043172343206, -1.5538759486255005, 2.175582567590294, 31.474360034665228, -1.614364633932312]]	[[array([0.074]), array([0.016]), array([1.455])]]
000102.png	[[1.6040395390922608, 1.6826237470333016, 4.113182812682479, -1.6528526905159613, 2.1624524457822307, 32.15106560590591, -1.600295316420694]]	[[array([0.06]), array([0.015]), array([1.489])]]
000103.png	[[1.6067962555387338, 1.6874297356718384, 4.173884372724122, -1.7705904342881218, 2.135604739532588, 32.62571538534506, -1.6096305242620175]]	[[array([0.046]), array([0.016]), array([1.513])]]
000104.png	[[1.6103213634789404, 1.6817872487183398, 4.1184563821209, -1.7692189251677428, 2.105799205325246, 33.1154093111014, -1.6060270620958597]]	[[array([0.042]), array([0.013]), array([1.527])]]
000105.png	[[1.6462777382680813, 1.7057130448084268, 4.294375812650921, -1.8325893414945702, 2.1547415985990774, 33.721933047111584, -1.5979758949470628]]	[[array([0.032]), array([0.016]), array([1.552])]]
000106.png	[[1.655376596409679, 1.7327748713806876, 4.508477734957713, -1.966317750606219, 2.1623978224392166, 34.298608702343174, -1.636865130581447]]	[[array([0.015]), array([0.015]), array([1.583])]]
000107.png	[[1.673808473488703, 1.715856270429766, 4.28593745616177, -1.9735458422705223, 2.1060715869573796, 34.717578683309796, -1.6396678340166553]]	[[array([0.011]), array([0.013]), array([1.587])]]
000108.png	[[1.6798599696744303, 1.686959306116989, 4.015709847099254, -1.9965427449373736, 2.0826778712796026, 35.081281728316, -1.6197870192498973]]	[[array([0.005]), array([0.013]), array([1.587])]]
000109.png	[[1.6633832022765909, 1.7023116992408214, 4.165144379736949, -2.027399748461063, 2.1042013989175157, 35.5997015424568, -1.603417141092788]]	[[array([-0.006]), array([0.013]), array([1.613])]]
000110.png	[[1.7144431913113327, 1.7424148745822194, 4.331615308120324, -2.072144717568276, 2.186184131863389, 36.278715722772795, -1.6179303460504633]]	[[array([-0.02]), array([0.011]), array([1.645])]]
000111.png	[[1.6995218784840378, 1.743950766556714, 4.425917833864895, -2.1566579455395645, 2.173825493527014, 36.79998216249957, -1.6383067127885993]]	[[array([-0.036]), array([0.001]), array([1.66])]]
000112.png	[[1.67101698995591, 1.7121524440774283, 4.456128673980109, -2.1137978931968315, 2.182121888873049, 37.29149711404448, -1.6271161488607127]]	[[array([-0.039]), array([-0.007]), array([1.671])]]
000113.png	[[1.6533925209063183, 1.6843703057601986, 4.0990109137861195, -2.1326828210920326, 2.1688307823936475, 37.61356391636016, -1.6280332192990374]]	[[array([-0.048]), array([-0.016]), array([1.664])]]
000114.png	[[1.6443120436057952, 1.684326854410791, 4.134850140042846, -2.147304069052172, 2.17145419368216, 38.142239771986965, -1.6178151278287765]]	[[array([-0.057]), array([-0.025]), array([1.677])]]
000115.png	[[1.5975194272996995, 1.6809728739329248, 4.158304443364665, -2.1286216379222203, 2.1703706614184095, 38.58368272056735, -1.6257166133724152]]	[[array([-0.061]), array([-0.028]), array([1.694])]]
000116.png	[[1.5727242576193048, 1.695698847696606, 4.307989529289502, -2.16866974190698, 2.1673407226957644, 39.104597997521424, -1.619835022850471]]	[[array([-0.07]), array([-0.034]), array([1.706])]]
000117.png	[[1.5523759473562169, 1.6660339283992738, 4.070176521673517, -2.256891241456275, 2.068006284429233, 39.482471441961025, -1.6421862079312433]]	[[array([-0.081]), array([-0.043]), array([1.712])]]
000118.png	[[1.5876805534652132, 1.6730585469670876, 4.026372422274915, -2.2638259634733213, 2.052605542381544, 39.96880648070368, -1.6383629211682607]]	[[array([-0.083]), array([-0.043]), array([1.727])]]
000119.png	[[1.4600019607843138, 1.578949019607843, 3.6815686274509805, 2.373600497415936, 2.122162887887857, 27.903709761826974, -1.5533490196078432], [1.6535131918865387, 1.7220324582593558, 4.446714381995154, -2.232858455377027, 2.0957098143859283, 40.68159566887313, -1.6033433099844197]]	[[array([0.022]), array([-0.071]), array([-0.132])], [array([-0.082]), array([-0.038]), array([1.756])]]
000120.png	[[1.4600019607843138, 1.578949019607843, 3.6815686274509805, 2.4556179280270616, 2.0604982261036584, 26.409229827236846, -1.5533490196078432], [1.688485762615526, 1.7309738907887318, 4.4621563431520705, -2.2876941278470957, 2.052907526903267, 41.18808302063809, -1.6074573706666204]]	[[array([0.022]), array([-0.071]), array([-0.132])], [array([-0.087]), array([-0.038]), array([1.766])]]
000121.png	[[1.6800274961571684, 1.7146121264668428, 4.277452965330589, -2.353899084412196, 2.0207899957465307, 41.60048298882057, -1.6146529113130654]]	[[array([-0.094]), array([-0.039]), array([1.779])]]
000122.png	[[1.6204320260819884, 1.6803037455225514, 4.043247152618725, -2.3927656134794444, 1.97290595135366, 41.9977623349043, -1.6207387468118255]]	[[array([-0.097]), array([-0.043]), array([1.779])]]
000123.png	[[1.5481640595899304, 1.6601535226290625, 3.9821562526092045, -2.4602076357658293, 1.927350725437717, 42.346845976889256, -1.612433144515913]]	[[array([-0.103]), array([-0.046]), array([1.788])]]
000124.png	[[1.5767394422651682, 1.7080798813521265, 4.437365322697933, -2.580387499378231, 1.979694380257491, 43.059686906935504, -1.6296558083646602]]	[[array([-0.111]), array([-0.04]), array([1.818])]]
000125.png	[[1.5863563958291993, 1.7044459148266955, 4.4172388464160015, -2.6904804318342608, 2.001129788540921, 43.48366814840266, -1.6482241399598154]]	[[array([-0.116]), array([-0.037]), array([1.821])]]
000126.png	[[1.5614765749421846, 1.6670264815838414, 4.081251561726129, -2.748187584686663, 1.99357673106435, 43.77991236569675, -1.6654523689302845]]	[[array([-0.117]), array([-0.039]), array([1.825])]]
000127.png	[[1.596224562591847, 1.682213751188199, 4.224356366621338, -2.8734108495095634, 1.9889043335727175, 44.37136371512172, -1.6629478671964146]]	[[array([-0.124]), array([-0.035]), array([1.844])]]
000128.png	[[1.565245879238864, 1.6881383787785054, 4.326729762069378, -2.999640194365718, 1.9539340859727892, 44.87095466575974, -1.6651432060015838]]	[[array([-0.131]), array([-0.031]), array([1.854])]]
000129.png	[[1.5615711237762435, 1.6823051398946933, 4.164230232456579, -3.102815342172271, 1.9539433133829385, 45.16670451162027, -1.64682269715709]]	[[array([-0.136]), array([-0.022]), array([1.858])]]
000130.png	[[1.5413174554329951, 1.6617832348385777, 3.9948084314545036, -3.2821187920145816, 1.8837205237492336, 45.82129656609088, -1.6515057278570597]]	[[array([-0.146]), array([-0.023]), array([1.843])]]
000131.png	[[1.5092925067648713, 1.6454156955762913, 3.904261241177186, -3.3558629338254895, 1.9113294012523339, 45.91282109841205, -1.635124287144842]]	[[array([-0.15]), array([-0.016]), array([1.859])]]
000132.png	[[1.600766168173851, 1.693056415709287, 4.252423741309865, -3.4683922287926108, 2.058845663130107, 46.42672573771333, -1.653341279531962]]	[[array([-0.159]), array([-0.008]), array([1.914])]]
000133.png	[[1.6290930340770577, 1.6742333156254514, 4.047778014698341, -3.609551463179663, 2.1060988052049954, 47.01228269207301, -1.687122226562789]]	[[array([-0.167]), array([-0.007]), array([1.904])]]
000134.png	[[1.6051176204907032, 1.6640769680210676, 3.9723296523356573, -3.6310477754972768, 2.163988758647137, 47.41398551307884, -1.665044676393161]]	[[array([-0.167]), array([-0.005]), array([1.905])]]
000135.png	[[1.7325453389087784, 1.692829783043746, 4.147832978989346, -3.7380261950650606, 2.1462167164319643, 47.69443701369588, 1.4940704909389255]]	[[array([-0.174]), array([-0.005]), array([1.911])]]
000136.png	[[1.58845359514454, 1.6674101791728018, 4.285386962748742, -3.845303952274458, 2.2083763702458636, 48.266875865653724, -1.650784045519725]]	[[array([-0.18]), array([0.005]), array([1.929])]]
000137.png	[[1.6242664428710762, 1.6766743979292813, 4.107648445048669, -3.9697262198895045, 2.218978573909781, 48.71991684265097, -1.6580867069980565]]	[[array([-0.188]), array([0.005]), array([1.937])]]
000138.png	[[1.6111230583569431, 1.676628417480293, 4.175416832927868, -4.046817248871889, 2.2297143245925883, 49.270543526685344, -1.65896017010932]]	[[array([-0.191]), array([0.007]), array([1.939])]]
000139.png	[[1.6696984296421176, 1.7040515636120928, 4.171636422274941, -4.096171155039557, 2.1904794844018642, 49.54203788250468, -1.6885268109977734]]	[[array([-0.201]), array([0.01]), array([1.958])]]
000140.png	[[1.5443621072581848, 1.6602010857448692, 3.996957506850359, -4.085950717855969, 1.9681806628020426, 49.982194744931626, -1.6856054811427525]]	[[array([-0.204]), array([0.]), array([1.963])]]
000141.png	[[1.5972274322986695, 1.677814383397009, 4.184680691444469, -4.049949369403624, 1.9573256272067452, 50.46088866692893, -1.6796689673182352]]	[[array([-0.207]), array([0.007]), array([1.979])]]
000142.png	[[1.639484003036195, 1.6589554573119119, 3.8852551572387366, -4.019399327980578, 1.9277703614831467, 50.708230095186, -1.6587367943517064]]	[[array([-0.209]), array([0.012]), array([1.972])]]
000143.png	[[1.6402973338889182, 1.6769677752797225, 4.1163657799829325, -4.07280637104106, 1.8729424827328316, 51.261844561502, -1.6717545713543807]]	[[array([-0.217]), array([0.012]), array([1.988])]]
000144.png	[[1.5881369129856935, 1.6688914459995083, 4.106807402290952, -4.027636653832197, 1.7526770270731478, 51.53063706240028, 1.5041154324951793]]	[[array([-0.219]), array([0.005]), array([1.992])]]
000145.png	[[1.4915485714285714, 1.57854, 3.9539971428571428, -3.5265983064830264, 0.157199798416658, 68.35957593808091, -1.4471491196996493], [1.5805122814442851, 1.6468947226630557, 3.8866591206308367, -4.0920663361360825, 1.8089271823963888, 51.994490102311005, -1.6680839816754887]]	[[array([-0.295]), array([0.04]), array([-0.003])], [array([-0.229]), array([0.008]), array([1.999])]]
000146.png	[[1.4900215053763441, 1.5849387096774195, 4.035386021505376, -3.105942134049763, 0.08234911984292906, 66.88055377320494, 1.6576830503887638], [1.5655482685665385, 1.6559212804724057, 3.9918119669567753, -4.073884439149965, 1.8495340545741523, 52.54527713880683, -1.6672286339602296]]	[[array([-0.098]), array([-0.034]), array([0.068])], [array([-0.23]), array([0.009]), array([2.014])]]
000147.png	[[1.481839344262295, 1.5800877049180329, 3.919793032786885, -2.8140212924363235, 0.09483735122111871, 65.08891613602799, -1.5375581684331792], [1.5586582596767056, 1.6532505822655377, 4.084756882878731, -4.134529302720506, 1.8505703365149893, 52.99234189766826, -1.6897073743900715]]	[[array([-0.084]), array([-0.01]), array([0.042])], [array([-0.24]), array([0.01]), array([2.033])]]
000148.png	[[1.481839344262295, 1.5800877049180329, 3.919793032786885, -2.61421473425447, 0.12216750010980937, 63.4991467761405, -1.5375581684331792], [1.5793881952383244, 1.654702602279207, 4.021187833282808, -4.148605266569453, 1.8808131633657512, 53.4476375223816, -1.6888375691821111]]	[[array([-0.084]), array([-0.01]), array([0.042])], [array([-0.242]), array([0.009]), array([2.037])]]
000149.png	[[1.5287167039047778, 1.636221777718587, 3.9797252720824465, -4.15312883315998, 1.9559483785565177, 53.8910961810776, -1.6627951192242665]]	[[array([-0.239]), array([0.009]), array([2.041])]]
000150.png	[[1.5287063803238803, 1.6297807648653038, 3.8823074964495445, -4.255017644641112, 2.0136022795507484, 54.25184962514921, -1.670152740175685]]	[[array([-0.246]), array([0.009]), array([2.052])]]
000151.png	[[1.5342029395667371, 1.642833169994947, 3.990026187628038, -4.411420740502661, 2.0429229591903995, 54.778485105569736, -1.6808121329599122]]	[[array([-0.253]), array([0.009]), array([2.063])]]
000152.png	[[1.518997486691334, 1.6416384052320383, 4.029131554271694, -4.551647620666797, 2.0587457179226605, 55.170741001720415, -1.6960082705015498]]	[[array([-0.257]), array([0.006]), array([2.062])]]
000153.png	[[1.540939246602135, 1.6439013952516675, 3.9320807164255633, -4.649824381168138, 2.1107308969404484, 55.53559592520502, -1.6977954576178627]]	[[array([-0.26]), array([0.004]), array([2.073])]]
000154.png	[[1.551421568676821, 1.6348154333040907, 3.8199194653718838, -4.742657434036874, 2.1745832892390693, 56.009227682245495, -1.6870444735601653]]	[[array([-0.261]), array([0.009]), array([2.079])]]
000155.png	[[1.4980719052723372, 1.6158322515429822, 3.695064569382977, -4.817592183495243, 2.0553730718169287, 56.3945400063352, -1.6903543709276319]]	[[array([-0.263]), array([0.004]), array([2.076])]]
000156.png	[[1.464962646971943, 1.6092611587124805, 3.7785210551897754, -4.901350500971696, 1.9706909047628929, 56.92436051039691, -1.6704200734086088]]	[[array([-0.268]), array([0.003]), array([2.094])]]
000157.png	[[1.4588053925253661, 1.6030430206619604, 3.740869772451986, -5.068460039105734, 1.8289589934583061, 57.34327365913711, -1.6818412961516915]]	[[array([-0.281]), array([-0.004]), array([2.101])]]
000158.png	[[1.5067614972883965, 1.628232219171646, 3.83112141646154, -5.107201584713045, 1.7918509949522032, 57.91725472089978, -1.66148245549647]]	[[array([-0.285]), array([0.001]), array([2.129])]]
000159.png	[[1.5287509803921568, 1.6269039215686274, 3.9324039215686275, -8.861083957209196, 1.9114000650806346, 38.684570634477915, 1.519805882352941], [1.5169828540872, 1.6215993429488555, 3.7534831113734026, -5.105977349184305, 1.7671436806209693, 58.456257243589796, -1.6998114058984608]]	[[array([-0.007]), array([-0.005]), array([0.359])], [array([-0.285]), array([0.002]), array([2.136])]]
000160.png	[[1.5287509803921568, 1.6269039215686274, 3.9324039215686275, -8.663818229019991, 1.8889300715511734, 37.3896386199204, 1.519805882352941], [1.5059924458443303, 1.6271620549275443, 3.897310058300764, -5.203942216523357, 1.7057163958009052, 58.9016474876129, -1.7119178228450378]]	[[array([-0.007]), array([-0.005]), array([0.359])], [array([-0.297]), array([-0.002]), array([2.135])]]
000161.png	[[1.467555400469047, 1.6086444866095306, 3.8115207242905376, -5.1620886278508, 1.6632830996849945, 59.3483010555106, -1.7062826984234043]]	[[array([-0.3]), array([-0.005]), array([2.148])]]
000162.png	[[1.4604755736244344, 1.6125106065019208, 3.873929348838332, -5.107353901751433, 1.6051811141241057, 59.955340796831635, -1.713462585655298]]	[[array([-0.301]), array([-0.011]), array([2.16])]]
000163.png	[[1.4473265459943832, 1.5999579613516093, 3.7957917140807256, -5.048777342355545, 1.6126652212396533, 60.45515337777791, -1.68771369166112]]	[[array([-0.302]), array([-0.009]), array([2.16])]]
000164.png	[[1.4702685714285715, 1.5527771428571429, 3.6495485714285714, 1.3948052255128354, 1.8984040893868939, 31.29275599916408, -1.6740771428571428], [1.4360001176734662, 1.5915786804181573, 3.6873318700348587, -4.90443868524215, 1.787055744377421, 60.84864256822975, -1.695307047810809]]	[[array([-0.246]), array([0.029]), array([0.284])], [array([-0.3]), array([0.006]), array([2.166])]]
000165.png	[[1.4579397849462365, 1.560836559139785, 3.579731182795699, 1.8263587485887207, 1.895879276480217, 29.46766240266787, -1.6086075268817204], [1.4369270959303895, 1.5942494027959866, 3.6913911975958427, -4.812083436986512, 1.8696306062676542, 61.369856629217225, -1.699628929945432]]	[[array([0.005]), array([0.011]), array([0.077])], [array([-0.299]), array([0.011]), array([2.168])]]
000166.png	[[1.4579397849462365, 1.560836559139785, 3.579731182795699, 2.0042199579536124, 1.8874886892398945, 27.839016872701045, -1.6086075268817204], [1.4461808595557004, 1.6088662757223, 3.8620358220746405, -4.787586442003338, 1.6763728356710819, 61.86994855079054, -1.689660703036989]]	[[array([0.005]), array([0.011]), array([0.077])], [array([-0.304]), array([-0.003]), array([2.168])]]
000167.png	[[1.4398269389167133, 1.590222492011918, 3.6783957847573716, -4.694953812633396, 1.6378369528561751, 62.27674107692746, -1.6636039555705389]]	[[array([-0.303]), array([-0.009]), array([2.174])]]
000168.png	[[1.4384506149753147, 1.5934841713244516, 3.710845174329956, -4.65598277968406, 1.8758788768233112, 62.846242861443, -1.6728102173258745]]	[[array([-0.3]), array([0.007]), array([2.18])]]
000169.png	[[1.4377394958126055, 1.5797117960348148, 3.6322033316896376, -4.656427221398651, 1.9332885450491586, 63.321358379980936, -1.6664381525870862]]	[[array([-0.296]), array([0.009]), array([2.177])]]
000170.png	[[1.4695438364786217, 1.6248827902619842, 3.929042997388776, -4.707537025499564, 1.7040326222837583, 63.81765848180184, 1.498791519299734]]	[[array([-0.294]), array([-0.012]), array([2.191])]]
000171.png	[[1.5686493958403696, 1.6733472911830072, 4.157936212974046, -4.781411179754298, 1.7208545110148104, 64.42401554031801, 1.5065839889189956]]	[[array([-0.292]), array([-0.008]), array([2.198])]]
000172.png	[[1.5102146555952531, 1.642169150591546, 4.008411410246652, -4.794217990072599, 1.8666396689127336, 64.81922517075816, -1.7374115415456008]]	[[array([-0.284]), array([0.005]), array([2.186])]]
000173.png	[[1.481899641254516, 1.6281588450298807, 3.9545735979062853, -4.882857497165595, 1.7268961680352226, 65.42110431089736, -1.7019910609227678]]	[[array([-0.287]), array([-0.008]), array([2.208])]]
000174.png	[[1.47337099392667, 1.5959847093863508, 3.6845090622138708, -4.8624401174218255, 1.6570784873460023, 65.82913743944721, -1.6754829274589549]]	[[array([-0.278]), array([-0.011]), array([2.196])]]
000175.png	[[1.5126958823503613, 1.6158948539430416, 3.6827111628903104, -4.917447509646105, 1.6953896740742143, 66.44176211016091, -1.6267305971572283]]	[[array([-0.274]), array([-0.008]), array([2.189])]]
000176.png	[[1.5573822845844092, 1.680297176008889, 4.107046400520364, -4.937235081527936, 1.7781517044169655, 66.87602371989388, 1.528296844402767]]	[[array([-0.275]), array([-0.005]), array([2.211])]]
000177.png	[[1.510051829775127, 1.6430932752086358, 4.081060295894188, -4.949917050702733, 1.7485354651335554, 67.61083759575673, -1.621147430909008]]	[[array([-0.273]), array([-0.007]), array([2.228])]]
000178.png	[[1.4851130274658486, 1.6095999891680217, 3.9428306310977215, -4.914230572712779, 1.6371164559351867, 67.88295057826159, 1.5379076354086196]]	[[array([-0.267]), array([-0.01]), array([2.202])]]
000179.png	[[1.52663686009316, 1.6690548655802924, 4.2423727743852915, -4.952348588306069, 1.677592604357639, 68.59092988392439, 1.5152210690794536]]	[[array([-0.272]), array([0.004]), array([2.232])]]
000180.png	[[1.5017691129550128, 1.66358225768586, 4.271313591414041, -4.975020911525886, 1.7886548064529346, 69.12055327549561, -1.641036551782129]]	[[array([-0.273]), array([0.018]), array([2.229])]]
000181.png	[[1.477932090232881, 1.6307138148375433, 4.070876768906618, -4.873556030267729, 1.82662101023908, 69.5706389781212, -1.6442277382799235]]	[[array([-0.262]), array([0.029]), array([2.219])]]
000182.png	[[1.4719173276873796, 1.6207549295795192, 3.987023914238563, -4.636619350310865, 1.7922208094675482, 70.0532082462158, -1.605707077581023]]	[[array([-0.243]), array([0.035]), array([2.228])]]
000183.png	[[1.4829627450980392, 1.606813725490196, 3.8888843137254905, 0.8414314200827177, 1.8057076927800002, 48.277778772176795, -1.497770588235294], [1.4736371137561322, 1.5989043814295172, 3.7202038614829864, -4.6755497738359315, 1.7090332922313283, 70.36282225181357, -1.62201880069839]]	[[array([0.017]), array([-0.018]), array([0.01])], [array([-0.246]), array([0.026]), array([2.205])]]
000184.png	[[1.4829627450980392, 1.606813725490196, 3.8888843137254905, 1.0263494312948507, 1.8309656361458977, 46.59746493398462, -1.497770588235294], [1.4909809312772644, 1.5919178894842825, 3.670017115068762, -4.537756725835274, 1.7392466791560353, 70.82149831899544, -1.6245411205816473]]	[[array([0.017]), array([-0.018]), array([0.01])], [array([-0.234]), array([0.021]), array([2.198])]]
000185.png	[[1.4646644684752914, 1.591041585590705, 3.7221686060250385, -4.41961946842052, 1.9052985465222765, 71.36452003414875, -1.6508439545852978]]	[[array([-0.229]), array([0.026]), array([2.215])]]
000186.png	[[1.4649336417607335, 1.5995447533269556, 3.796908317808469, -4.188159900115787, 1.9528351700414395, 71.93394603505439, -1.5744895915470103]]	[[array([-0.215]), array([0.021]), array([2.217])]]
000187.png	[[1.4649336417607335, 1.5995447533269556, 3.796908317808469, -4.078615882984416, 2.014580522925128, 72.4811264215967, -1.5744895915470103]]	[[array([-0.215]), array([0.021]), array([2.217])]]
000188.png	[]	[]
000189.png	[]	[]
000190.png	[]	[]
000191.png	[[1.4815340425531913, 1.5817978723404256, 3.8933127659574467, 0.6363419151768022, 0.30269020199664326, 64.21616800563734, -1.5345510638297872]]	[[array([0.01]), array([0.055]), array([0.155])]]
000192.png	[[1.4853899224806202, 1.5848503875968993, 3.9347496124031007, 0.9001671770770094, 0.39622580747571834, 62.41433902146608, -1.5530798449612404]]	[[array([0.026]), array([0.048]), array([0.062])]]
000193.png	[[1.4853899224806202, 1.5848503875968993, 3.9347496124031007, 1.0869509439467127, 0.5223089599342005, 60.78537696618629, -1.5530798449612404]]	[[array([0.026]), array([0.048]), array([0.062])]]
000194.png	[[1.5041733475479744, 1.5828565031982944, 4.071511087420043, 1.4012651994214937, 0.30089360241603846, 58.988727471191496, -1.5295336886993602]]	[[array([0.057]), array([-0.008]), array([0.062])]]
000195.png	[[1.5041733475479744, 1.5828565031982944, 4.071511087420043, 1.5868774947062674, 0.2653075848595928, 57.36298552547016, -1.5295336886993602]]	[[array([0.057]), array([-0.008]), array([0.062])]]
000196.png	[]	[]
000197.png	[]	[]
000198.png	[]	[]
000199.png	[]	[]
000200.png	[]	[]
000201.png	[]	[]
000202.png	[]	[]
000203.png	[]	[]
000204.png	[]	[]
000205.png	[]	[]
000206.png	[]	[]
000207.png	[]	[]
000208.png	[]	[]
000209.png	[]	[]
000210.png	[]	[]
000211.png	[]	[]
000212.png	[]	[]
000213.png	[]	[]
000214.png	[]	[]
000215.png	[]	[]
000216.png	[]	[]
000217.png	[]	[]
000218.png	[]	[]
000219.png	[]	[]
000220.png	[]	[]
000221.png	[]	[]
000222.png	[]	[]
000223.png	[]	[]
000224.png	[]	[]
000225.png	[]	[]
000226.png	[]	[]
000227.png	[]	[]
000228.png	[[1.7150457142857143, 1.717162857142857, 4.3863457142857145, -2.338269466637028, 1.7089423149948049, 56.843051732650096, 1.6748742857142858], [1.5413868421052632, 1.611121052631579, 3.997897368421053, -5.242481063765466, 1.7851347254046008, 59.66669521970504, -0.9921184210526316]]	[[array([-0.096]), array([0.066]), array([-1.246])], [array([0.513]), array([0.065]), array([-0.071])]]
000229.png	[[1.6292645161290322, 1.6954204301075269, 4.36473870967742, -2.5554203303614633, 1.44191752067656, 53.7567271137771, 1.6490709677419355], [1.5413868421052632, 1.611121052631579, 3.997897368421053, -4.703560171181119, 1.6772230809988031, 57.93155547912333, -0.9921184210526316]]	[[array([-0.171]), array([-0.021]), array([-1.336])], [array([0.513]), array([0.065]), array([-0.071])]]
000230.png	[[1.5159127049180328, 1.6176180327868852, 3.89847131147541, -2.705608410604675, 1.4704442559635502, 50.35760382397959, 1.6081209016393443]]	[[array([-0.169]), array([0.019]), array([-1.537])]]
000231.png	[[1.4753542857142858, 1.5856771428571428, 3.930285714285714, -11.94352639827185, 1.7341771406578912, 60.06372019456781, 1.843271766945072], [1.5447107981220658, 1.632442566510172, 3.9337856025039124, -2.813383670925542, 1.4722699375369368, 47.355699132142014, 1.6066244131455398]]	[[array([-0.178]), array([-0.031]), array([0.149])], [array([-0.155]), array([0.011]), array([-1.511])]]
000232.png	[[1.4717028571428572, 1.5677914285714287, 3.8099485714285715, -0.3392294076356498, 1.3942120792148727, 63.399598691739044, 1.6493457142857144], [1.4753542857142858, 1.5856771428571428, 3.930285714285714, -12.108731546070185, 1.7223393250927275, 58.653084825118505, 1.843271766945072], [1.492911416616856, 1.5821068738792587, 3.6988113568439926, -2.864610186177459, 1.5216192777235953, 44.03782128488276, 1.6381917513448894]]	[[array([-0.263]), array([-0.015]), array([-1.916])], [array([-0.178]), array([-0.031]), array([0.149])], [array([-0.134]), array([0.017]), array([-1.565])]]
000233.png	[[1.4506838709677419, 1.5558225806451613, 3.621574193548387, -0.5564912437734737, 1.4460294854367561, 59.94177536129062, 1.698710752688172], [1.4828303652968036, 1.5620782420091324, 3.6410179223744294, -2.992383441873759, 1.5473253349594904, 40.900385056063264, 1.6452424657534246]]	[[array([-0.244]), array([-0.007]), array([-1.955])], [array([-0.134]), array([0.012]), array([-1.585])]]
000234.png	[[1.517, 1.6055736842105264, 3.906844736842105, -7.217798973474356, 1.695913776827144, 50.037087970456696, -2.446], [1.473777049180328, 1.6156516393442624, 3.967714344262295, -0.694506121225694, 1.4060346184416777, 57.15964077539353, 1.7017983606557376], [1.4518480770907822, 1.5670359640708118, 3.7105975146071337, -3.089756557293759, 1.5828054249298964, 37.856643064060826, 1.6431767070724688]]	[[array([-0.12]), array([0.005]), array([-0.168])], [array([-0.212]), array([-0.016]), array([-1.731])], [array([-0.13]), array([0.016]), array([-1.587])]]
000235.png	[[1.4774534653465345, 1.6332851485148514, 4.039865346534653, -7.3387314299332775, 1.711181664361354, 48.59151082331399, 0.7062011964001201], [1.4928303599374022, 1.6100563380281692, 3.94001220657277, -0.9711360309219789, 1.4682712907617157, 54.07058250938729, 1.6559942097026603], [1.4611506778588321, 1.562193071516605, 3.6230236267945775, -3.1816150072357097, 1.615446428942627, 34.59844339571684, 1.6379378135305287]]	[[array([-0.129]), array([0.01]), array([-0.039])], [array([-0.235]), array([0.009]), array([-1.671])], [array([-0.127]), array([0.019]), array([-1.601])]]
000236.png	[[1.4774534653465345, 1.6332851485148514, 4.039865346534653, -7.448163697830456, 1.7309812451444693, 47.14010275399021, 0.7062011964001201], [1.5695117752540346, 1.5819619844590556, 3.6598419605499104, -1.2177049415044117, 1.551885058487054, 51.013588296373605, 1.6723761506276151], [1.4785479159244745, 1.5442125642526336, 3.5598459501755815, -3.2304441682140053, 1.6576080882182618, 31.534194274315567, 1.6305598389231004]]	[[array([-0.129]), array([0.01]), array([-0.039])], [array([-0.243]), array([0.026]), array([-1.665])], [array([-0.118]), array([0.021]), array([-1.608])]]
000237.png	[[1.6697207650273225, 1.6844857923497267, 4.269484699453552, -7.376197202387728, 1.595203251495811, 45.898018378386695, -2.457842997749063], [1.583039497716895, 1.6159774885844749, 3.853446872146119, -1.2713526973409814, 1.5086387308951297, 48.16245112601276, 1.6748012328767123], [1.4979863729363796, 1.5490254642386778, 3.5760100419406413, -3.334445332161052, 1.653088080915184, 28.53050140915358, 1.6297812156468239]]	[[array([-0.086]), array([-0.023]), array([0.008])], [array([-0.212]), array([0.017]), array([-1.625])], [array([-0.119]), array([0.019]), array([-1.608])]]
000238.png	[[1.48662, 1.6503657142857142, 4.217594285714286, 1.3395916124051932, 1.5703619044262247, 65.37542669679151, 1.6682542857142857], [1.5604857142857143, 1.609562857142857, 3.8773999999999997, -19.80754950610044, 0.7385779498298681, 46.79720169294459, 2.0239457142857145], [1.6697207650273225, 1.6844857923497267, 4.269484699453552, -7.448879467926056, 1.5650181114739423, 44.38638709643367, -2.457842997749063], [1.48882665038807, 1.6137046742827243, 3.8987198220981947, -1.4769806134408117, 1.6052772307773402, 45.030540256429504, -1.454868659869477], [1.4679583430634577, 1.554263015379475, 3.664815319887508, -3.395969078078407, 1.6849637463958689, 25.53434393108429, 1.6274442958576585]]	[[array([-0.316]), array([-0.007]), array([-1.573])], [array([-0.014]), array([-0.17]), array([-0.018])], [array([-0.086]), array([-0.023]), array([0.008])], [array([-0.214]), array([0.032]), array([-1.623])], [array([-0.113]), array([0.021]), array([-1.592])]]
000239.png	[[1.4758806451612905, 1.630741935483871, 3.977303225806452, 1.088210666398021, 1.5599276544858367, 62.36892690114675, 1.7243494623655913], [1.6445010752688172, 1.622932258064516, 3.9094559139784946, -19.790330052739854, 0.9301071649722922, 45.417677785543944, 2.037388172043011], [1.5522204723360313, 1.6156794943539523, 3.7631727057726256, -1.6466373131450884, 1.6098430483740243, 41.94026342322078, 1.6788601324403205], [1.4639668675390756, 1.556758009087119, 3.6325444774623, -3.450203970591192, 1.6889353443065862, 22.565667944102223, 1.6261808515345149]]	[[array([-0.289]), array([-0.036]), array([-1.605])], [array([-0.003]), array([0.001]), array([-0.015])], [array([-0.208]), array([0.022]), array([-1.637])], [array([-0.107]), array([0.016]), array([-1.593])]]
000240.png	[[1.4812766393442622, 1.6541704918032787, 4.050140163934426, 0.7910824616377787, 1.557335095772952, 59.294193531068224, 1.6681270491803277], [1.7253844262295082, 1.6661700819672132, 4.046435245901639, -19.83940533179926, 1.023420484273461, 43.93319732928698, 2.0387569672131147], [1.5436171471830626, 1.6173608593312638, 3.8041652285103567, -1.846109661607386, 1.632271596047567, 38.854219372226126, 1.687969871698189], [1.441552710734307, 1.5468954170784426, 3.664345739299669, -3.507367872411837, 1.6936346634262096, 19.583212524014552, 1.6167985693079643]]	[[array([-0.289]), array([-0.031]), array([-1.644])], [array([-0.017]), array([0.034]), array([-0.053])], [array([-0.206]), array([0.02]), array([-1.649])], [array([-0.101]), array([0.014]), array([-1.596])]]
000241.png	[[1.4843200312989044, 1.6696425665101722, 4.250211580594679, 0.3901681671140049, 1.6140220266660867, 56.434858603272595, 1.6410970266040688], [1.6402743348982785, 1.629593896713615, 3.957275743348983, -19.792216516198295, 0.9826085585527778, 42.511447883253105, 2.041194366197183], [1.5538659138734587, 1.6241834234838435, 3.8112323059577093, -2.0321328999065145, 1.655794540509786, 35.79125149092563, 1.6890391497955983], [1.4951036805335944, 1.5713723954342493, 3.629027730100203, -3.5654690067373926, 1.722938817243692, 16.573963504727242, 1.6042533635526364]]	[[array([-0.308]), array([-0.022]), array([-1.571])], [array([0.009]), array([0.006]), array([-0.017])], [array([-0.2]), array([0.016]), array([-1.64])], [array([-0.095]), array([0.014]), array([-1.588])]]
000242.png	[[1.4767056186491332, 1.6401352062163777, 3.9823409444112374, 0.12530844084958553, 1.6772024056163675, 53.39774441541419, 1.6521001793185894], [1.6402743348982785, 1.629593896713615, 3.957275743348983, -19.82559240503983, 1.0241271958878702, 41.13752073861267, 2.041194366197183], [1.5905981991999332, 1.6280872824644286, 3.8670208089770837, -2.188235091808107, 1.6675935746584902, 32.85782549352988, 1.677519521697387], [1.4785380949402371, 1.5728727375671279, 3.6710369031907644, -3.588637001689768, 1.7222691942450783, 13.65657060453131, 1.594208232445597]]	[[array([-0.286]), array([-0.011]), array([-1.6])], [array([0.009]), array([0.006]), array([-0.017])], [array([-0.191]), array([0.013]), array([-1.635])], [array([-0.087]), array([0.011]), array([-1.587])]]
000243.png	[[1.4716960502283105, 1.602536826484018, 3.7598842922374427, -0.1648658776834015, 1.621865074103167, 50.385779536839884, 1.6649552283105022], [1.6413783304498268, 1.6238093858131488, 3.921401946366782, -19.908027278370064, 0.9750550705472797, 39.671029518823794, 2.028607525951557], [1.5924534141219047, 1.6182065985132748, 3.820964416158281, -2.3904358916550663, 1.6389617304933877, 29.748641290298686, 1.6723159711191784], [1.4542258152145, 1.539701161481389, 3.6239817092207107, -3.6552534182455307, 1.714408794735926, 10.67208836906041, 1.5890734624077834]]	[[array([-0.271]), array([-0.018]), array([-1.591])], [array([0.004]), array([-0.005]), array([-0.01])], [array([-0.187]), array([0.008]), array([-1.636])], [array([-0.083]), array([0.008]), array([-1.581])]]
000244.png	[[1.4715130810150867, 1.623280020929624, 3.9647723903374903, -0.3645005872638267, 1.663734562580781, 47.56573215737591, 1.6948339583151653], [1.6413783304498268, 1.6238093858131488, 3.921401946366782, -19.98101554947565, 0.9651985816437441, 38.31035516232596, 2.028607525951557], [1.5366119331946497, 1.628400081222228, 3.929142356213771, -2.588345954883653, 1.6359523251747552, 26.84822723059307, 1.6559281997227207], [1.4887579605056314, 1.5394532300509132, 3.6187397246396182, -3.6775832679775675, 1.7224566422530807, 7.838471509250494, 1.5844546086261286]]	[[array([-0.244]), array([-0.005]), array([-1.578])], [array([0.004]), array([-0.005]), array([-0.01])], [array([-0.182]), array([0.008]), array([-1.631])], [array([-0.076]), array([0.008]), array([-1.574])]]
000245.png	[[1.6308057142857142, 1.6726571428571428, 4.076211428571429, -7.3614893144164375, 1.8449985136461868, 34.52231140548242, 0.7544948339853637], [1.471566799906732, 1.6367655108091004, 3.993342626827887, -0.7429562908911727, 1.6461564426950117, 44.57998984274569, 1.750250624562806], [1.5989023841408039, 1.6305013465858818, 3.856806201950227, -2.774165667599585, 1.6424558585796114, 23.882818101712633, 1.6428084507740972], [1.430008910011906, 1.526379814907603, 3.5828073987157745, -3.683452159558347, 1.6966322064062722, 5.002332913691364, 1.56754853074623]]	[[array([-0.221]), array([0.067]), array([-0.286])], [array([-0.25]), array([-0.006]), array([-1.593])], [array([-0.178]), array([0.008]), array([-1.634])], [array([-0.068]), array([0.004]), array([-1.57])]]
000246.png	[[1.5753591397849462, 1.6479247311827958, 4.066974193548387, -7.510832211981397, 1.8090238882633995, 33.15457279155233, -2.4326884267328497], [1.470165840500789, 1.6552660428011605, 4.054563451066212, -1.1293893966552104, 1.65067761434699, 41.53190547682276, 1.66610490991908], [1.6006932092281279, 1.609425555333664, 3.5911713605694526, -2.917280561051428, 1.6561104018673813, 20.88588179634912, 1.6526917717284735], [1.4603488721693278, 1.5682331910191383, 3.8738350313602785, -4.5023453626265075, 1.6041335036459294, 2.7138353316346517, 2.5378318994328954]]	[[array([-0.138]), array([0.02]), array([-0.102])], [array([-0.253]), array([-0.002]), array([-1.598])], [array([-0.168]), array([0.009]), array([-1.627])], [array([-0.139]), array([-0.005]), array([-1.502])]]
000247.png	[[1.6097926229508197, 1.671797131147541, 4.159013524590164, -7.522923297504884, 1.8480076963659113, 31.718261572705348, 0.6899647258102285], [1.454056265095958, 1.6383528981809523, 3.9704098101250445, -1.3545893301741112, 1.6452800982454168, 38.754795834043925, 1.6833450237404444], [1.6326497633743249, 1.614106819583365, 3.6425476851760665, -3.0766094363479657, 1.671457236931198, 17.93410069210512, 1.6453422526138217], [1.4603488721693278, 1.5682331910191383, 3.8738350313602785, -4.642466161946131, 1.6064796189410955, -0.08300627998959378, 2.5378318994328954]]	[[array([-0.064]), array([0.018]), array([-0.114])], [array([-0.237]), array([-0.006]), array([-1.584])], [array([-0.163]), array([0.008]), array([-1.63])], [array([-0.139]), array([-0.005]), array([-1.502])]]
000248.png	[[1.5113685714285714, 1.6132714285714285, 3.967848571428571, -13.556375777142513, 2.071808673985988, 35.140996042775875, 0.5333142857142857], [1.6097926229508197, 1.671797131147541, 4.159013524590164, -7.666641367302806, 1.9002970346528882, 30.310015005721883, 0.6899647258102285], [1.4747874333819067, 1.662361727476077, 4.232141141441049, -1.6687046926883478, 1.6951582732941763, 35.98558040416254, 1.6626748623086847], [1.6618520155854672, 1.6246091826578046, 3.7700804293944765, -3.2179957742852325, 1.731704776646087, 14.973067954217058, 1.6391357991748674]]	[[array([-0.091]), array([0.007]), array([-0.048])], [array([-0.064]), array([0.018]), array([-0.114])], [array([-0.235]), array([-0.003]), array([-1.573])], [array([-0.157]), array([0.011]), array([-1.635])]]
000249.png	[[1.5152548387096774, 1.6147236559139784, 3.96064623655914, -13.530605632885479, 2.1077795999253426, 33.774516863786175, 0.5268193548387097], [1.4624345202035243, 1.66498112394955, 4.245094428396396, -1.9391196529860764, 1.701586704519783, 33.05678405372898, 1.6751128814306824], [1.678135965488701, 1.6160128350195508, 3.618117966860271, -3.319742432865083, 1.7748449906668469, 12.016647049860898, 1.6190275694336587]]	[[array([0.021]), array([-0.001]), array([0.011])], [array([-0.228]), array([-0.006]), array([-1.568])], [array([-0.148]), array([0.013]), array([-1.627])]]
000250.png	[[1.5152548387096774, 1.6147236559139784, 3.96064623655914, -13.602353719051099, 2.0750127788916846, 32.49355772214773, 0.5268193548387097], [1.4379390395898102, 1.6450920955524397, 4.161786890152827, -2.224621761576111, 1.7060767321022323, 30.130116658049, 1.680852636364104], [1.6189060814720218, 1.611616861221098, 3.6944340603405643, -3.394999722020411, 1.7458422275939947, 9.176833359154466, 1.6027562366824848]]	[[array([0.021]), array([-0.001]), array([0.011])], [array([-0.225]), array([-0.003]), array([-1.579])], [array([-0.138]), array([0.01]), array([-1.622])]]
000251.png	[[1.5385971428571428, 1.6048114285714286, 4.1042, -7.927860775185982, 1.791858086217095, 31.52751959653758, 0.0954312186739941], [1.4298804699426453, 1.6396582816686907, 4.186269138438483, -2.4617463589827335, 1.6581423269440356, 27.215459640898725, 1.6706843478865367], [1.563464674124745, 1.5998637946271197, 3.7175892844705483, -3.459852974624891, 1.6870646815336254, 6.306574203384367, 1.5993840969620452]]	[[array([-0.032]), array([-0.014]), array([-0.098])], [array([-0.218]), array([-0.003]), array([-1.588])], [array([-0.129]), array([0.005]), array([-1.622])]]
000252.png	[[1.5854685714285714, 1.64248, 4.09384, -7.965188770038287, 1.6904777254658825, 25.236585139164863, 0.6806657142857143], [1.5311774193548386, 1.6156559139784947, 4.161264516129032, -8.031874202015377, 1.7128959533850818, 30.111751047483, 0.08449777046870745], [1.420127603159643, 1.6419089873748935, 4.259710649795943, -2.676841166815958, 1.5952228725585709, 24.318989262847264, 1.6621651523799033], [1.5669474970533344, 1.6061901174633841, 3.8190152845858147, -3.4601561599580837, 1.6358362121045764, 3.489965868492184, 1.5848701268444032]]	[[array([0.019]), array([0.056]), array([0.028])], [array([-0.018]), array([-0.018]), array([-0.073])], [array([-0.21]), array([-0.006]), array([-1.584])], [array([-0.116]), array([0.]), array([-1.607])]]
000253.png	[[1.579563440860215, 1.6519096774193547, 4.162230107526882, -8.02227317877916, 1.6279824530441767, 24.013376269532507, 0.6805], [1.4984540983606558, 1.5969938524590164, 4.123845901639344, -8.013641054291286, 1.6400830260312251, 28.82399328525992, 0.09941349448192538], [1.418380048300287, 1.63893686972574, 4.261434563028577, -2.9006284508783144, 1.5700077128589072, 21.538087793734174, 1.656686186893676], [1.5669474970533344, 1.6061901174633841, 3.8190152845858147, -3.5814389302604273, 1.6335629203704383, 0.6721376828564243, 1.5848701268444032]]	[[array([0.019]), array([0.006]), array([0.014])], [array([0.028]), array([-0.029]), array([-0.069])], [array([-0.204]), array([-0.007]), array([-1.583])], [array([-0.116]), array([0.]), array([-1.607])]]
000254.png	[[1.4678428571428572, 1.564877142857143, 3.8217342857142858, -13.912018145991178, 1.6909474584251503, 27.164034139406947, 0.5340714285714285], [1.6534151639344263, 1.6786381147540983, 4.204045901639344, -8.093472453338284, 1.614854681448171, 22.782276433981373, 0.6719598360655737], [1.529019248826291, 1.6079389671361501, 4.130431768388107, -8.143431935369183, 1.6114663762078762, 27.76594026925694, 0.16888559100718276], [1.4260560005893417, 1.6327337430945779, 4.191451754375674, -3.0818980496639017, 1.5749889714052534, 18.60839362980503, 1.647177000436126]]	[[array([-0.046]), array([-0.075]), array([-0.029])], [array([0.015]), array([-0.005]), array([0.001])], [array([0.01]), array([-0.034]), array([-0.009])], [array([-0.196]), array([-0.008]), array([-1.598])]]
000255.png	[[1.4489193548387098, 1.5955129032258066, 3.9292311827956987, -13.968992450224073, 1.7524204609175675, 25.866473114607462, 0.5136956989247311], [1.6403627543035995, 1.6729893583724569, 4.274425195618154, -8.18202815028578, 1.603964783652034, 21.516716030028082, 0.679958841940532], [1.5346934249850568, 1.601425343693963, 4.087952002390915, -8.241988020036244, 1.6030187266046678, 26.426285040771685, 0.09528457421015528], [1.4159474363051152, 1.6131212112718714, 4.111816990661454, -3.2525502491359286, 1.6013161462538974, 15.767059282579716, 1.6290210156790796]]	[[array([0.001]), array([-0.032]), array([0.002])], [array([0.01]), array([-0.021]), array([0.012])], [array([0.01]), array([-0.042]), array([-0.014])], [array([-0.187]), array([-0.009]), array([-1.593])]]
000256.png	[[1.4701340163934427, 1.6252717213114753, 4.096302049180328, -13.973275470195198, 1.717582946141724, 24.68929703185403, 0.516730737704918], [1.67573831440526, 1.6965436939629408, 4.346968858338315, -8.243319358518319, 1.6329086763890521, 20.382415861545972, 0.6742364016736401], [1.540012602739726, 1.6206924200913242, 4.099971575342466, -8.584341672022218, 1.5485987082525048, 25.293932309592858, 0.09622116270629903], [1.4356952066962498, 1.632081745439532, 4.251791188307036, -3.4020091765962523, 1.6245970297874226, 13.089667148215446, 1.6237547383707376]]	[[array([0.028]), array([-0.038]), array([-0.038])], [array([0.009]), array([-0.012]), array([-0.009])], [array([-0.041]), array([-0.047]), array([-0.027])], [array([-0.179]), array([-0.007]), array([-1.598])]]
000257.png	[[1.4944682316118936, 1.6162023474178404, 3.9208688575899844, -13.990220033309713, 1.7350722416815856, 23.424161203857967, 0.5152899843505477], [1.6730570776255709, 1.6855156392694064, 4.252057694063927, -8.256752936675081, 1.6317627428634642, 19.079872507461946, 0.6753881735159817], [1.5199186971308973, 1.6258267899188976, 4.170630470044475, -8.516797941944311, 1.559921069171877, 24.11840946265984, 0.10523138507487484], [1.4194438752167635, 1.6327728647659758, 4.213354920132542, -3.497523606990941, 1.640082301833806, 10.320259232100126, 1.61191645901201]]	[[array([0.04]), array([-0.023]), array([-0.023])], [array([0.019]), array([-0.01]), array([-0.016])], [array([-0.008]), array([-0.037]), array([-0.009])], [array([-0.167]), array([-0.005]), array([-1.591])]]
000258.png	[[1.4566631201434548, 1.6028509862522415, 3.9870196054991034, -14.00289557727533, 1.7239016682228183, 22.221535767769517, 0.5102281530185296], [1.5926155315252464, 1.665234446673062, 4.219760643585942, -8.256320270363046, 1.579736567691279, 17.836628091561607, 0.6716254730967123], [1.4841847739915393, 1.5999764098464409, 4.145148635954832, -8.55826291176394, 1.5544473006989203, 22.876933982558377, 0.08543489865939143], [1.400999345976793, 1.6201199384935225, 4.136746566417853, -3.6048896196376687, 1.6341045962500083, 7.533886380440811, 1.609186937232667]]	[[array([0.047]), array([-0.02]), array([-0.006])], [array([0.027]), array([-0.017]), array([-0.014])], [array([-0.]), array([-0.032]), array([-0.008])], [array([-0.159]), array([-0.005]), array([-1.589])]]
000259.png	[[1.4779463698630138, 1.596082876712329, 3.924647602739726, -13.944309214190035, 1.7405391685262204, 20.99494068296822, 0.4997041324200914], [1.6050902201792079, 1.6479700076613037, 4.072322044568802, -8.236211018835522, 1.594974266922511, 16.66871106831696, 0.674329079644249], [1.4947625655249632, 1.6033901763448521, 4.173609944526439, -8.587441591320212, 1.5701363242374549, 21.769580395421443, 0.07070412098139334], [1.3944485899046155, 1.5955716664734703, 3.8766490843229295, -3.6384143768220203, 1.6682641784033154, 4.944770806200195, 1.5892943160291193]]	[[array([0.062]), array([-0.014]), array([-0.026])], [array([0.034]), array([-0.013]), array([-0.022])], [array([0.005]), array([-0.026]), array([-0.008])], [array([-0.145]), array([-0.002]), array([-1.581])]]
000260.png	[[1.4534435510595622, 1.5872555681520888, 3.918005214964681, -14.056828742149039, 1.7478133794899753, 19.835601713272823, 0.49920715095491414], [1.640138792050486, 1.6614616850730317, 4.112851450455494, -8.238617483035693, 1.6361921204557022, 15.461276912725715, 0.682036532393506], [1.511287208833292, 1.6187852940461784, 4.240227862582436, -8.606718002900022, 1.5975700952828924, 20.583567261333748, 0.07335912023139565], [1.3944485899046155, 1.5955716664734703, 3.8766490843229295, -3.7961973584486017, 1.6763693220119802, 2.1893088425837757, 1.5892943160291193]]	[[array([0.045]), array([-0.014]), array([-0.014])], [array([0.037]), array([-0.008]), array([-0.022])], [array([0.011]), array([-0.022]), array([-0.006])], [array([-0.145]), array([-0.002]), array([-1.581])]]
000261.png	[[1.4688552631578946, 1.5674552631578946, 3.803894736842105, 4.806177707761732, 1.645078638253911, 62.055480347255354, 1.5406003116599347], [1.4611420605576098, 1.5745515272642485, 3.8702897638319844, -14.076306676835845, 1.7519251896625538, 18.697459993861802, 0.5105745578095333], [1.6248493776941881, 1.6598166732274855, 4.19872637692147, -8.171116967263622, 1.6608164005831136, 14.299398700375752, 0.6894303620114012], [1.5334207310123351, 1.6214519289778264, 4.27061791481423, -8.584853580491112, 1.6416258835232773, 19.510845621659772, 0.06145632933173739]]	[[array([0.459]), array([0.015]), array([2.123])], [array([0.046]), array([-0.018]), array([-0.019])], [array([0.047]), array([-0.009]), array([-0.031])], [array([0.021]), array([-0.02]), array([-0.006])]]
000262.png	[[1.4688552631578946, 1.5674552631578946, 3.803894736842105, 5.06413993978715, 1.6799986695711953, 63.174745430142785, 1.5406003116599347], [1.4781738040103822, 1.522790236144333, 3.7079385592142096, -13.964833411696048, 1.7793010524215334, 17.58489129555171, 0.5689326912311059], [1.6486749725731151, 1.6548620966948515, 4.085918872109968, -8.11041743763437, 1.6440439790115837, 13.11202827951893, 0.6911420924253534], [1.5241374087104742, 1.6143124442336219, 4.205280650236679, -8.61138249995398, 1.6382066104875173, 18.402979872613038, 0.05728068816537024]]	[[array([0.459]), array([0.015]), array([2.123])], [array([0.062]), array([-0.014]), array([-0.023])], [array([0.054]), array([-0.011]), array([-0.044])], [array([0.023]), array([-0.019]), array([-0.012])]]
000263.png	[[1.4756453237410072, 1.5606575539568346, 3.79401654676259, 4.891391034911377, 1.8086075210525836, 62.27423115625529, 1.5661044017487593], [1.5140359654366347, 1.5852795069180188, 3.959330955401012, -13.963119369858621, 1.7722954005934786, 16.472766980811425, 0.6528415027676936], [1.5690876626194386, 1.638693031719831, 4.171813932944209, -8.04003258990756, 1.6011236621722402, 11.883911402596244, 0.7019316726793671], [1.5319015171142194, 1.6285813384144847, 4.270742408457078, -8.685591371853924, 1.6319814522457896, 17.31994868390073, 0.07546282280490865]]	[[array([0.328]), array([0.03]), array([1.521])], [array([0.062]), array([-0.013]), array([-0.016])], [array([0.061]), array([-0.015]), array([-0.051])], [array([0.019]), array([-0.019]), array([-0.006])]]
000264.png	[[1.4756453237410072, 1.5606575539568346, 3.79401654676259, 5.043896207426331, 1.8341938865620708, 62.82878664926699, 1.5661044017487593], [1.5140359654366347, 1.5852795069180188, 3.959330955401012, -13.94695969333972, 1.764401506442923, 15.437642701877186, 0.6528415027676936], [1.6145825891122132, 1.629179614927015, 4.034601776407854, -7.893509854227545, 1.6361761570372912, 10.671967422744489, 0.7146435980553248], [1.5416037131094487, 1.6287782821052423, 4.205328202579399, -8.662693490063656, 1.6024528407113983, 16.313107252943137, 0.06046757364844639]]	[[array([0.328]), array([0.03]), array([1.521])], [array([0.062]), array([-0.013]), array([-0.016])], [array([0.074]), array([-0.01]), array([-0.068])], [array([0.024]), array([-0.02]), array([-0.006])]]
000265.png	[[1.5754717981447384, 1.580182118287075, 3.8625400160593064, -7.688343482474154, 1.588740294797643, 9.47665980152219, 0.750709837918315], [1.5760877148538537, 1.6502374839119907, 4.261922685796257, -8.726449164663846, 1.6461131886638805, 15.304574337807717, 0.056161376314587876]]	[[array([0.09]), array([-0.016]), array([-0.083])], [array([0.019]), array([-0.016]), array([-0.008])]]
000266.png	[[1.615723240517459, 1.5978071384728139, 3.9495962737894303, -7.51392856391744, 1.579326938165984, 8.316339465819945, 0.7590472165985424], [1.5145391222122382, 1.630808050333602, 4.262650305989608, -8.708672924401789, 1.6450315954692731, 14.28437620680478, 0.05723590484581819]]	[[array([0.102]), array([-0.018]), array([-0.091])], [array([0.023]), array([-0.018]), array([-0.009])]]
000267.png	[[1.615723240517459, 1.5978071384728139, 3.9495962737894303, -7.432940099285308, 1.5862539367901958, 7.229497917307026, 0.7590472165985424], [1.5208806934394838, 1.643719985318688, 4.302111587059311, -8.692222037438919, 1.7163530788279215, 13.298996178766231, 0.06772029223948997]]	[[array([0.102]), array([-0.018]), array([-0.091])], [array([0.026]), array([-0.013]), array([-0.007])]]
000268.png	[[1.501300948106717, 1.6217674271118416, 4.123801620108483, -8.693488457428042, 1.7324690713623792, 12.379049856914554, 0.05262772162027988]]	[[array([0.026]), array([-0.012]), array([-0.007])]]
000269.png	[[1.4754047380159203, 1.5911948758207155, 4.0024187434358955, -8.698614300031819, 1.741473809926518, 11.412487693550407, 0.02449004222860348]]	[[array([0.025]), array([-0.009]), array([-0.006])]]
000270.png	[[1.4888749507157901, 1.6194421960235479, 4.227927761850283, -8.670481273523494, 1.732449625850293, 10.502776328373388, 0.00039287090853282886]]	[[array([0.024]), array([-0.007]), array([-0.013])]]
000271.png	[[1.5299278888778187, 1.6310969598341782, 4.267650189559836, -8.57727670258258, 1.7122449429482858, 9.77815947131065, 0.020297971367115062]]	[[array([0.026]), array([-0.009]), array([-0.003])]]
000272.png	[[1.6016643986972814, 1.6658941523266066, 4.3880121917144566, -8.582869772664186, 1.768626596682031, 8.954330000997357, 0.008680186142690626]]	[[array([0.019]), array([-0.004]), array([-0.003])]]
000273.png	[[1.6286944868207756, 1.6840061622578908, 4.474405808447776, -8.480087987364314, 1.8063187079042953, 8.26365817152652, 0.007518167201331259]]	[[array([0.02]), array([-0.003]), array([-0.001])]]
000274.png	[[1.5866097795190546, 1.693890897593065, 4.520383947392621, -8.39892131532804, 1.8059148243321836, 7.4047830455003725, -0.08322045029505648]]	[[array([0.017]), array([-0.006]), array([-0.018])]]
000275.png	[[1.5271488657261454, 1.6558874328818118, 4.3223757784541235, -8.226504030224831, 1.8599810050561978, 6.635910313503298, -0.015594892948393113]]	[[array([0.021]), array([-0.004]), array([-0.022])]]
000276.png	[[1.5271488657261454, 1.6558874328818118, 4.3223757784541235, -8.094784911358383, 1.8781862686239408, 5.9932023862420065, -0.015594892948393113]]	[[array([0.021]), array([-0.004]), array([-0.022])]]
000277.png	[]	[]
000278.png	[]	[]
000279.png	[]	[]
000280.png	[[1.483042857142857, 1.6474028571428572, 3.8662885714285715, -5.691267688928494, -0.12729463765289756, 71.17888044095956, 1.5539514285714287]]	[[array([-0.094]), array([0.101]), array([0.153])]]
000281.png	[[1.483042857142857, 1.6474028571428572, 3.8662885714285715, -3.3442522972518613, -0.010828865525002972, 70.6974870179892, 1.5539514285714287]]	[[array([-0.094]), array([0.101]), array([0.153])]]
000282.png	[]	[]
000283.png	[]	[]
000284.png	[]	[]
000285.png	[]	[]
000286.png	[]	[]
000287.png	[]	[]
000288.png	[]	[]
000289.png	[]	[]
000290.png	[]	[]
000291.png	[]	[]
000292.png	[]	[]
000293.png	[]	[]
000294.png	[]	[]
000295.png	[]	[]
000296.png	[]	[]
000297.png	[]	[]
000298.png	[]	[]
000299.png	[]	[]
000300.png	[]	[]
000301.png	[]	[]
000302.png	[]	[]
000303.png	[]	[]
000304.png	[]	[]
000305.png	[]	[]
000306.png	[]	[]
000307.png	[]	[]
000308.png	[]	[]
000309.png	[]	[]
000310.png	[]	[]
000311.png	[]	[]
000312.png	[]	[]
000313.png	[]	[]
000314.png	[]	[]
000315.png	[]	[]
000316.png	[]	[]
000317.png	[]	[]
000318.png	[]	[]
000319.png	[]	[]
000320.png	[]	[]
000321.png	[]	[]
000322.png	[]	[]
000323.png	[]	[]
000324.png	[]	[]
000325.png	[]	[]
000326.png	[]	[]
000327.png	[]	[]
000328.png	[]	[]
000329.png	[]	[]
000330.png	[]	[]
000331.png	[]	[]
000332.png	[]	[]
000333.png	[]	[]
000334.png	[]	[]
000335.png	[]	[]
000336.png	[]	[]
000337.png	[]	[]
000338.png	[]	[]
000339.png	[]	[]
000340.png	[]	[]
000341.png	[]	[]
000342.png	[]	[]
000343.png	[]	[]
000344.png	[]	[]
000345.png	[]	[]
000346.png	[]	[]
000347.png	[]	[]
000348.png	[]	[]
