000000.png	[[1.5115, 1.6236, 4.0595, 6.7433, 1.1606, 21.5942, -0.0267], [1.4722, 1.5879, 3.9656, 5.729, 0.4883, 68.8622, -1.4087], [1.5787, 1.6308, 3.7833, 2.7596, 1.0807, 36.9257, -1.5467]]	[[array([0.]), array([0.]), array([0.])], [array([0.]), array([0.]), array([0.])], [array([0.]), array([0.]), array([0.])]]
000001.png	[[1.5115, 1.6236, 4.0595, 6.745042439285684, 1.13352848925462, 20.96706621551759, -0.0267], [1.458725, 1.5702083333333334, 3.7596249999999998, 5.715000089659224, 0.42129697587777026, 68.03172017461473, -1.3922], [1.4775, 1.614025, 3.8895416666666667, 2.7028053611862295, 1.1917837879736697, 36.52397734258841, -1.5651249999999999]]	[[array([0.]), array([0.]), array([0.])], [array([-0.001]), array([0.03]), array([-0.202])], [array([-0.054]), array([0.162]), array([0.227])]]
000002.png	[[1.4752, 1.6045, 3.8575, -1.5788, 1.1097, 49.7868, -1.0395], [1.4729685714285714, 1.6271771428571429, 4.060054285714286, 5.714887920137431, 0.5199099974044443, 67.68147434838495, 1.6830260526593577], [1.4775, 1.614025, 3.8895416666666667, 2.6311229348393654, 1.3829234875536593, 36.18481147514179, -1.5651249999999999]]	[[array([0.]), array([0.]), array([0.])], [array([0.03]), array([0.043]), array([0.135])], [array([-0.054]), array([0.162]), array([0.227])]]
000003.png	[[1.4648806451612904, 1.6214537634408603, 4.053970967741936, 5.702609581465438, 0.521005290350049, 67.09069827585876, -1.4869637745437123], [1.4622340425531914, 1.6026872340425533, 3.7887553191489363, 2.6467370940113977, 1.2445303247645605, 32.340487702008865, -1.574191489361702]]	[[array([-0.013]), array([0.021]), array([0.056])], [array([-0.035]), array([0.026]), array([-1.366])]]
000004.png	[[1.5212700819672131, 1.6261237704918032, 4.043654098360656, 5.646783939862946, 0.4906424774708517, 66.44441501270236, 1.5945823186528096], [1.4622340425531914, 1.6026872340425533, 3.7887553191489363, 2.6163151858950613, 1.3290542715900204, 30.357202675001886, -1.574191489361702]]	[[array([-0.028]), array([-0.046]), array([0.025])], [array([-0.035]), array([0.026]), array([-1.366])]]
000005.png	[[1.4604257142857142, 1.5659171428571428, 3.891637142857143, 4.259227436053133, 1.2024480684576795, 55.295898045667066, 1.5975114285714287], [1.499035054773083, 1.6038555555555556, 3.9532466353677624, 6.014866141188727, 0.489247708480936, 65.76182350521911, -1.3731174048898653]]	[[array([0.204]), array([0.015]), array([0.568])], [array([0.066]), array([-0.021]), array([-0.014])]]
000006.png	[[1.4604257142857142, 1.5659171428571428, 3.891637142857143, 4.482420488540977, 1.240775127151709, 55.30601114805783, 1.5975114285714287], [1.480657262402869, 1.5934997609085475, 3.8731801554094445, 6.029310334710158, 0.5897039921006162, 65.16715392210092, -1.3534526131049753]]	[[array([0.204]), array([0.015]), array([0.568])], [array([0.05]), array([-0.]), array([-0.019])]]
000007.png	[[1.4884709360730595, 1.6191484246575343, 4.073003630136987, 6.02207990507517, 0.4765193050210909, 64.78563592051306, -1.3363622880649826]]	[[array([0.033]), array([-0.019]), array([0.028])]]
000008.png	[[1.4808252725211477, 1.615224880090695, 3.96150798813988, 6.241916648942536, 0.4907205523770378, 64.11813302551715, -1.2898476080687733]]	[[array([0.059]), array([-0.028]), array([0.005])]]
000009.png	[[1.4787083374970855, 1.6271993637786883, 4.035419922720762, 6.41566615905579, 0.5390384192756753, 63.49031632671433, -1.2600907472011134]]	[[array([0.067]), array([-0.027]), array([0.002])]]
000010.png	[[1.4719666140770524, 1.6324530459565372, 4.120263677540842, 6.079302979886532, 0.5297380064690507, 63.03888813961175, -1.4244317054522446]]	[[array([0.013]), array([-0.019]), array([0.015])]]
000011.png	[[1.4855221920910544, 1.6612206456817662, 4.217997299858578, 6.01452817126268, 0.4925038584926535, 62.56265140481213, 1.6615002210258145]]	[[array([-0.001]), array([-0.001]), array([0.022])]]
000012.png	[[1.4843342120455536, 1.6238168296191793, 4.047359784297528, 6.171998197442718, 0.6978931685234078, 61.802999794281945, -1.39159464228361]]	[[array([0.013]), array([0.014]), array([0.])]]
000013.png	[[1.5053828571428571, 1.6174028571428571, 3.9232657142857144, 2.732020669955356, 0.7528878537661234, 50.485548911750755, 1.5291597901025655], [1.4929655436814175, 1.617564285055887, 3.9732823637144876, 6.325919873892457, 0.4497374356573646, 61.202656904654134, -1.4017337109503414]]	[[array([1.25]), array([-0.216]), array([-2.275])], [array([0.026]), array([-0.018]), array([-0.006])]]
000014.png	[[1.529404301075269, 1.6230763440860216, 3.9406870967741936, 3.0865793437851643, 0.589065003984276, 49.41405814152363, 1.5597440070278472], [1.4929655436814175, 1.617564285055887, 3.9732823637144876, 6.365009603193522, 0.38553669399056767, 60.663111666056125, -1.4017337109503414]]	[[array([0.785]), array([-0.169]), array([-1.387])], [array([0.026]), array([-0.018]), array([-0.006])]]
000015.png	[[1.529404301075269, 1.6230763440860216, 3.9406870967741936, 3.8984798383507178, 0.3059137419749394, 47.44115485567657, 1.5597440070278472], [1.5192574032661617, 1.6256945247670491, 3.9584611860966583, 5.921778008260753, 0.01475472097034225, 60.20201019171272, -1.5509170391739475]]	[[array([0.785]), array([-0.169]), array([-1.387])], [array([-0.025]), array([-0.039]), array([0.007])]]
000016.png	[[1.5192574032661617, 1.6256945247670491, 3.9584611860966583, 5.922208399655823, -0.17346379916144306, 59.678523134984786, -1.5509170391739475]]	[[array([-0.025]), array([-0.039]), array([0.007])]]
000017.png	[[1.4580052631578948, 1.5869368421052632, 3.793263157894737, 2.5469783847090737, 0.5823014872638191, 51.30124354884439, -1.5492843288596658]]	[[array([0.653]), array([0.203]), array([0.037])]]
000018.png	[[1.4580052631578948, 1.5869368421052632, 3.793263157894737, 3.243277437913285, 0.722801785579544, 50.760697085335934, -1.5492843288596658]]	[[array([0.653]), array([0.203]), array([0.037])]]
000019.png	[]	[]
000020.png	[]	[]
000021.png	[]	[]
000022.png	[[1.4738236842105263, 1.6045263157894736, 3.9500763157894734, 2.930638722985331, 1.1160024176283914, 39.74939213265881, -1.566278947368421]]	[[array([-0.003]), array([0.008]), array([2.486])]]
000023.png	[[1.4738236842105263, 1.6045263157894736, 3.9500763157894734, 2.9506811793022103, 1.1219516347324203, 41.690964182643015, -1.566278947368421]]	[[array([-0.003]), array([0.008]), array([2.486])]]
000024.png	[[1.4772106382978722, 1.6102340425531916, 3.985302127659575, 6.301564427342105, 0.6264055365178159, 55.152878595929096, -1.3158748763720793]]	[[array([-0.14]), array([0.039]), array([0.013])]]
000025.png	[[1.4650627906976743, 1.590570542635659, 3.7909162790697675, 6.256310864965035, 0.6246723855347819, 54.47028184743701, -1.438128055732463]]	[[array([-0.124]), array([0.047]), array([-0.065])]]
000026.png	[[1.4916314285714285, 1.66142, 4.077125714285714, 2.652267037877303, 1.2214970140813628, 52.5121007672883, 1.7129400000000001], [1.4576388235294118, 1.5886029411764706, 3.8233008823529415, 7.563141115537074, 0.7332004137549873, 55.538187618785884, -1.163500350557317]]	[[array([0.75]), array([0.171]), array([2.352])], [array([0.249]), array([0.03]), array([0.386])]]
000027.png	[[1.4916314285714285, 1.66142, 4.077125714285714, 3.456443498547431, 1.555873511740062, 54.40524357354131, 1.7129400000000001], [1.4576388235294118, 1.5886029411764706, 3.8233008823529415, 7.867297528364523, 0.9283465292551809, 55.463007093913724, -1.163500350557317]]	[[array([0.75]), array([0.171]), array([2.352])], [array([0.249]), array([0.03]), array([0.386])]]
000028.png	[]	[]
000029.png	[[1.4591542857142858, 1.5975657142857143, 3.7678314285714287, 3.2696247912562777, 1.1204849695207804, 33.20183032904821, -1.5553057142857143]]	[[array([0.1]), array([-0.059]), array([-0.01])]]
000030.png	[[1.4588086021505375, 1.6006430107526881, 3.838908602150538, 3.299301266549063, 1.102233906516408, 32.83936260302161, -1.5562376344086022]]	[[array([0.04]), array([-0.03]), array([0.021])]]
000031.png	[[1.4599790983606558, 1.602163524590164, 3.849176229508197, 3.3536099859983577, 1.1136073483506392, 32.34352170861488, 1.5839594950157818]]	[[array([0.026]), array([0.007]), array([-0.022])]]
000032.png	[[1.454636170212766, 1.5836021276595744, 3.717140425531915, 2.006987021415893, 1.0458929641009214, 31.847365819119005, 1.5756555711293088], [1.470315179968701, 1.6188143974960876, 3.9571205007824726, 3.4017669556424694, 1.1723233267989372, 29.724545878175213, -1.5623724423975882]]	[[array([0.019]), array([0.017]), array([-3.093])], [array([0.016]), array([0.027]), array([-0.619])]]
000033.png	[[1.4982763157894736, 1.5947710526315788, 3.9694289473684212, 7.786877228317577, 0.7185690948447198, 50.022428131586956, -0.2386447368421053], [1.454636170212766, 1.5836021276595744, 3.717140425531915, 2.076089648472652, 1.0893395405713562, 28.386597735610625, 1.5756555711293088], [1.4643725044829647, 1.6099673640167365, 3.8847958158995817, 3.4426379935433626, 1.2077951263745028, 30.797566729695856, -1.5563943757872438]]	[[array([0.23]), array([0.049]), array([-0.644])], [array([0.019]), array([0.017]), array([-3.093])], [array([0.011]), array([0.023]), array([-0.161])]]
000034.png	[[1.4982763157894736, 1.5947710526315788, 3.9694289473684212, 8.072178715908676, 0.8741471353517943, 48.978410970209424, -0.2386447368421053], [1.4643725044829647, 1.6099673640167365, 3.8847958158995817, 3.4886912381376547, 1.2907131790171087, 30.240036724602646, -1.5563943757872438]]	[[array([0.23]), array([0.049]), array([-0.644])], [array([0.011]), array([0.023]), array([-0.161])]]
000035.png	[]	[]
000036.png	[]	[]
000037.png	[]	[]
000038.png	[]	[]
000039.png	[[1.4552057142857144, 1.5783085714285714, 3.727302857142857, -4.1334800294047565, 0.6750057051128482, 50.2103220838378, 1.5494857142857144], [1.474742105263158, 1.604178947368421, 3.906247368421053, 5.552772093494742, 1.0472284340247953, 32.542401570079704, -1.5441368421052633]]	[[array([-0.084]), array([0.154]), array([-0.736])], [array([0.014]), array([0.068]), array([0.015])]]
000040.png	[[1.47114, 1.5879971428571429, 3.823182857142857, 2.439002499138385, 0.6255190685743681, 52.9617666490966, 1.57956], [1.4620657142857143, 1.5933171428571429, 3.9201342857142856, 6.097412950449014, 1.6566771058550336, 5.552398490115289, -0.05864571428571429], [1.5360157894736841, 1.6021184210526316, 3.804478947368421, -3.8853286802205074, 0.49250409358659025, 59.248417261768424, 1.5593315789473685], [1.4863849462365593, 1.5703827956989247, 3.6632516129032258, -4.172165528054373, 0.5977403658219927, 47.46269215593134, 1.5566043010752688], [1.477536170212766, 1.5955851063829787, 3.827223404255319, -8.019658238225071, 0.7678682875094247, 36.901506962023326, -1.579995588374251], [1.4764000000000002, 1.6143594059405941, 3.934162376237624, 5.510294502772172, 1.0086017432805447, 32.39411575634818, -1.5355683168316832]]	[[array([0.005]), array([0.133]), array([-0.024])], [array([-0.135]), array([0.077]), array([0.523])], [array([0.109]), array([0.177]), array([0.642])], [array([-0.07]), array([0.064]), array([-1.578])], [array([-0.094]), array([0.092]), array([-0.193])], [array([-0.017]), array([0.041]), array([0.104])]]
000041.png	[[1.47114, 1.5879971428571429, 3.823182857142857, 2.436511852602928, 0.8106338845743608, 52.60742648096937, 1.57956], [1.4661408602150536, 1.591310752688172, 3.900405376344086, 6.051741667695937, 1.6875541359922965, 5.457375085032683, -0.07077849462365592], [1.5360157894736841, 1.6021184210526316, 3.804478947368421, -3.7849939984655188, 0.7332046015590981, 59.559013267315166, 1.5593315789473685], [1.471975, 1.5812233606557378, 3.757718442622951, -4.17520534642597, 0.7048173037212905, 46.5339845623508, 1.5797467213114755], [1.477536170212766, 1.5955851063829787, 3.827223404255319, -8.117792051585196, 0.904769314790324, 36.37634338768845, -1.579995588374251], [1.46984, 1.5965611320754716, 3.870194716981132, 5.529106350878118, 1.0150525240884212, 31.84270739071645, -1.508233962264151]]	[[array([0.005]), array([0.133]), array([-0.024])], [array([-0.09]), array([0.051]), array([0.376])], [array([0.109]), array([0.177]), array([0.642])], [array([-0.044]), array([0.061]), array([-1.225])], [array([-0.094]), array([0.092]), array([-0.193])], [array([-0.004]), array([0.02]), array([-0.001])]]
000042.png	[[1.4661408602150536, 1.591310752688172, 3.900405376344086, 5.959327672480953, 1.7582266231292922, 5.504230199021544, -0.07077849462365592], [1.471975, 1.5812233606557378, 3.757718442622951, -4.236149993468889, 0.8611691234164003, 44.977701749355916, 1.5797467213114755], [1.4879890489913545, 1.5888582132564841, 3.923915706051873, 5.155053975354248, 1.0694193815189588, 31.66761868533754, -1.2961237752161383]]	[[array([-0.09]), array([0.051]), array([0.376])], [array([-0.044]), array([0.061]), array([-1.225])], [array([-0.095]), array([0.01]), array([0.038])]]
000043.png	[[1.4777979636763896, 1.604335332966428, 3.9494933406714363, 5.363491793824722, 1.0619452095022033, 31.33166195351961, -1.4483970280682443]]	[[array([-0.021]), array([-0.005]), array([0.034])]]
000044.png	[[1.4857100903931049, 1.622112949337818, 3.9639595122976665, 5.9628992721251475, 1.0885952889364263, 31.212063125132175, -0.6762239646836242]]	[[array([0.1]), array([0.005]), array([0.063])]]
000045.png	[[1.471056439698089, 1.5847756704673197, 3.748723165248113, 5.633072185155169, 1.0786145206970543, 30.42013166414048, -1.1878798056849205]]	[[array([0.045]), array([0.005]), array([-0.023])]]
000046.png	[[1.4879428571428572, 1.5687799999999998, 3.857157142857143, -9.476279198409328, 0.1911763318201603, 56.532691675512105, 1.7267769329597085], [1.476398454224812, 1.603084514644993, 3.791538607575525, 6.077767319970959, 1.0987123075901273, 29.377365579441598, -0.4377843674283085]]	[[array([-0.198]), array([0.123]), array([0.017])], [array([0.116]), array([0.014]), array([-0.12])]]
000047.png	[[1.4879428571428572, 1.5687799999999998, 3.857157142857143, -9.880658895945977, 0.35747616569245194, 56.18611149063046, 1.7267769329597085], [1.4739272735792692, 1.5850474924145688, 3.766669780110355, 5.586607173147367, 1.1238758758041503, 29.361141279717568, -1.0358037241831748]]	[[array([-0.198]), array([0.123]), array([0.017])], [array([0.051]), array([0.013]), array([-0.066])]]
000048.png	[[1.4758552631578947, 1.6176078947368422, 3.84855, -9.60235391584861, 0.770478552472562, 49.11118651149621, 1.515042105263158], [1.57604375, 1.622778125, 3.9511328125, -10.882583892878436, 0.15658727888151674, 55.70241320225292, 1.6025515051061703], [1.4668648300951324, 1.5752532034473192, 3.6927097884355504, 5.299306069823428, 1.0901056087136725, 29.254935361333562, -1.3004435769963933]]	[[array([-0.018]), array([0.033]), array([-0.278])], [array([-0.393]), array([0.008]), array([-0.019])], [array([0.024]), array([0.006]), array([-0.031])]]
000049.png	[[1.496030693069307, 1.5965821782178218, 3.7216455445544554, -9.629264718714467, 0.5942287233385122, 48.82211264663946, 1.5417128712871289], [1.5272567335243554, 1.624121776504298, 4.024124355300859, -11.53173395351403, 0.1717687533316487, 55.465861830111685, 1.5906140190647273], [1.5315329215328686, 1.6011159460443398, 3.7338648025118233, 5.216968757298839, 1.051442175599438, 29.075723731559325, -1.3734682624219543]]	[[array([0.064]), array([-0.044]), array([-0.126])], [array([-0.402]), array([0.02]), array([0.021])], [array([0.026]), array([0.003]), array([-0.014])]]
000050.png	[[1.496030693069307, 1.5965821782178218, 3.7216455445544554, -9.779169352240904, 0.49799358006401667, 48.33706906745322, 1.5417128712871289], [1.5272567335243554, 1.624121776504298, 4.024124355300859, -12.177576989675813, 0.13205820665569046, 55.11678827161687, 1.5906140190647273], [1.4901042976586771, 1.592453615004103, 3.7135532375251428, 4.926766533669703, 1.0459342332993187, 28.709123308894355, -1.4781210316234925]]	[[array([0.064]), array([-0.044]), array([-0.126])], [array([-0.402]), array([0.02]), array([0.021])], [array([0.005]), array([0.006]), array([-0.02])]]
000051.png	[[1.4616428571428572, 1.58738, 3.722257142857143, 5.266793372597035, 0.5602917971205357, 45.15865763199292, -1.4440605482710778], [1.4901042976586771, 1.592453615004103, 3.7135532375251428, 4.7997004038476625, 1.0681449872949496, 28.358559331789493, -1.4781210316234925]]	[[array([-1.344]), array([-0.008]), array([-1.457])], [array([0.005]), array([0.006]), array([-0.02])]]
000052.png	[[1.4616428571428572, 1.58738, 3.722257142857143, 3.7113877616269977, 0.5478568343867077, 43.40011593757754, -1.4440605482710778], [1.4774380688829858, 1.6050779377833306, 3.835008295832596, 4.711561033558396, 0.9965022532018761, 28.359500732264742, -1.4375838323236598]]	[[array([-1.344]), array([-0.008]), array([-1.457])], [array([0.009]), array([-0.002]), array([0.012])]]
000053.png	[[1.4774380688829858, 1.6050779377833306, 3.835008295832596, 4.560169334120413, 1.020909476843073, 28.077269367127958, -1.4375838323236598]]	[[array([0.009]), array([-0.002]), array([0.012])]]
000054.png	[[1.4645234042553192, 1.5565553191489363, 3.721231914893617, -10.792166096968623, 0.04946931168020123, 53.10186440106486, 1.6675723404255318], [1.4804822850147532, 1.6034849000449365, 3.8034770268382316, 4.1437868827478335, 1.0072624420367262, 27.564792784539986, -1.5089845124422707]]	[[array([-0.128]), array([-0.019]), array([-0.05])], [array([-0.016]), array([-0.002]), array([-0.007])]]
000055.png	[[1.499660465116279, 1.5961217054263566, 3.943437984496124, -11.271448487411327, 0.06496306935843267, 52.83343187227607, 1.6330100775193799], [1.485628049111818, 1.6091995103465453, 3.9722973409303104, 3.9174291773315013, 1.0903310930018917, 27.30318583897832, -1.5055079174562886]]	[[array([-0.15]), array([0.007]), array([0.006])], [array([-0.021]), array([0.006]), array([-0.003])]]
000056.png	[[1.499660465116279, 1.5961217054263566, 3.943437984496124, -11.707692996130234, -0.003417801285408499, 52.44411420850916, 1.6330100775193799], [1.4710328031093654, 1.5995226055618101, 3.9062954655727524, 3.872096103007704, 1.1315350278953609, 27.086076575841634, -1.5413583042737762]]	[[array([-0.15]), array([0.007]), array([0.006])], [array([-0.009]), array([0.011]), array([0.006])]]
000057.png	[[1.4801155650319828, 1.6031379530916843, 3.8286513859275053, -11.875017007817817, 0.28734846167606387, 52.16069856611777, 1.63851236673774], [1.4650143370096365, 1.5847296020485266, 3.7154695208567343, 3.848549518946686, 1.2330163152962839, 26.702164289058306, -1.5361897859797469]]	[[array([-0.085]), array([0.077]), array([0.036])], [array([0.005]), array([0.019]), array([0.])]]
000058.png	[[1.4801155650319828, 1.6031379530916843, 3.8286513859275053, -12.233544469734436, 0.3916847997014587, 51.804301899718105, 1.63851236673774], [1.4650143370096365, 1.5847296020485266, 3.7154695208567343, 3.709630945985037, 1.291591771681293, 26.391748140481347, -1.5361897859797469]]	[[array([-0.085]), array([0.077]), array([0.036])], [array([0.005]), array([0.019]), array([0.])]]
000059.png	[]	[]
000060.png	[]	[]
000061.png	[]	[]
000062.png	[[1.5032685714285714, 1.6378542857142857, 4.1877828571428575, -19.521243409349875, 0.36587008964968276, 66.04873572728711, -0.5979597901025655], [1.5002457142857142, 1.6302771428571428, 3.979737142857143, 3.217669088033492, 1.266012014052187, 25.518293802863067, -1.5033857142857143]]	[[array([0.966]), array([0.145]), array([-0.71])], [array([0.222]), array([-0.036]), array([0.429])]]
000063.png	[[1.5032685714285714, 1.6378542857142857, 4.1877828571428575, -18.748668490120536, 0.454119973593543, 64.97273133087393, -0.5979597901025655], [1.5002457142857142, 1.6302771428571428, 3.979737142857143, 3.3643558415180412, 1.2108459342308098, 25.64844088933291, -1.5033857142857143]]	[[array([0.966]), array([0.145]), array([-0.71])], [array([0.222]), array([-0.036]), array([0.429])]]
000064.png	[]	[]
000065.png	[]	[]
000066.png	[]	[]
000067.png	[]	[]
000068.png	[]	[]
000069.png	[]	[]
000070.png	[[1.4358605263157895, 1.5609289473684211, 3.5889894736842107, 3.195218218394397, 1.0298950529957798, 39.518264175611115, -1.3189287540418366]]	[[array([-0.331]), array([0.017]), array([-1.014])]]
000071.png	[[1.4358605263157895, 1.5609289473684211, 3.5889894736842107, 3.0044178128252885, 1.0810451465909747, 38.150219213712376, -1.3189287540418366]]	[[array([-0.331]), array([0.017]), array([-1.014])]]
000072.png	[[1.4709122302158273, 1.5959309352517985, 3.790851798561151, 3.831292095393482, 1.01758380285379, 37.623005646786474, -0.2754107385150344]]	[[array([-0.01]), array([-0.007]), array([-0.765])]]
000073.png	[[1.4709122302158273, 1.5959309352517985, 3.790851798561151, 4.019393515339786, 0.9647766849885413, 36.49906863558483, -0.2754107385150344]]	[[array([-0.01]), array([-0.007]), array([-0.765])]]
000074.png	[]	[]
000075.png	[]	[]
000076.png	[]	[]
000077.png	[]	[]
000078.png	[]	[]
000079.png	[]	[]
000080.png	[]	[]
000081.png	[]	[]
000082.png	[[1.4711542857142856, 1.585017142857143, 3.806377142857143, 9.712653864634712, -0.30295949336363776, 70.69578150778987, -1.6577426472454226]]	[[array([0.05]), array([0.114]), array([-0.126])]]
000083.png	[[1.4711542857142856, 1.585017142857143, 3.806377142857143, 9.903314500850392, -0.246670621145678, 70.2670541735094, -1.6577426472454226]]	[[array([0.05]), array([0.114]), array([-0.126])]]
000084.png	[[1.4808078947368422, 1.6109026315789474, 4.016442105263158, -13.123483905061573, 1.129285699875423, 14.66647159962392, -1.687968227726047]]	[[array([-0.03]), array([-0.024]), array([0.177])]]
000085.png	[[1.473879207920792, 1.6024178217821783, 3.959279207920792, -13.166819648074723, 1.1475529043395964, 14.800655377860465, -1.7303415114216811]]	[[array([-0.045]), array([-0.011]), array([0.274])]]
000086.png	[[1.4752535849056603, 1.6126181132075472, 3.944006037735849, -13.08325829951954, 1.250234828799858, 14.55191900089912, -1.758474311900339]]	[[array([-0.009]), array([0.016]), array([0.19])]]
000087.png	[[1.4752535849056603, 1.6126181132075472, 3.944006037735849, -13.076739043987269, 1.2838229998111788, 14.44431674996908, -1.758474311900339]]	[[array([-0.009]), array([0.016]), array([0.19])]]
000088.png	[[1.4618236842105263, 1.5995342105263157, 3.7657736842105263, -10.291353929767858, 1.2701016779601007, 15.33663457745599, 1.567316101133619], [1.4691127659574468, 1.5476297872340425, 3.8500702127659574, -12.882640582383898, -0.1420346072388332, 71.17973351071134, 1.5796106382978723], [1.4731894736842104, 1.5914052631578948, 3.789660526315789, 10.087916766135914, -0.5296448820318255, 69.30496501316793, 1.5275082063967766]]	[[array([-0.019]), array([0.033]), array([0.144])], [array([0.023]), array([-0.023]), array([0.159])], [array([0.054]), array([-0.175]), array([0.094])]]
000089.png	[[1.4880971428571428, 1.5763285714285713, 3.5361114285714286, -11.658669625436332, 0.6309547657861537, 42.310577093325676, 1.5339797901025656], [1.4618236842105263, 1.5995342105263157, 3.7657736842105263, -10.294590561805741, 1.2510208121491253, 15.220426043486523, 1.567316101133619], [1.4678968992248063, 1.5378217054263565, 3.753786821705426, -12.833626598663438, -0.1966949691087265, 70.67636053556225, 1.5817651162790698], [1.476127722772277, 1.5903415841584159, 3.8983445544554454, 10.279009003243026, -0.48851001713720504, 69.00182206062217, 1.5350506123076981]]	[[array([0.106]), array([0.113]), array([-0.142])], [array([-0.019]), array([0.033]), array([0.144])], [array([0.009]), array([0.03]), array([0.02])], [array([0.086]), array([-0.008]), array([0.044])]]
000090.png	[[1.4880971428571428, 1.5763285714285713, 3.5361114285714286, -11.516506963649709, 0.6582771795493069, 41.88304530074443, 1.5339797901025656], [1.4678968992248063, 1.5378217054263565, 3.753786821705426, -12.7674892921118, -0.2981798079688578, 70.40960572407468, 1.5817651162790698], [1.4801950943396225, 1.5919867924528301, 3.9183064150943396, 10.361410177715843, -0.4005521940844783, 68.722825388316, 1.5299445729927452]]	[[array([0.106]), array([0.113]), array([-0.142])], [array([0.009]), array([0.03]), array([0.02])], [array([0.066]), array([0.06]), array([0.038])]]
000091.png	[[1.5780185501066097, 1.6152302771855012, 3.9140820895522386, -12.622976522019789, 0.06465121648270722, 70.41125337825352, 1.5851976545842217], [1.4801950943396225, 1.5919867924528301, 3.9183064150943396, 10.49658609418785, -0.41813909721751347, 68.48313116684916, 1.5299445729927452]]	[[array([0.023]), array([0.121]), array([0.072])], [array([0.066]), array([0.06]), array([0.038])]]
000092.png	[[1.5807514285714286, 1.5967942857142856, 3.85818, -12.500782685176642, 0.16299508623016531, 64.75415020123563, 1.5780257142857144], [1.5780185501066097, 1.6152302771855012, 3.9140820895522386, -12.524657130406412, 0.13829506676375686, 70.23056200237043, 1.5851976545842217], [1.4801262773722628, 1.6030685088633994, 3.884072158498436, 10.533874622450126, -0.4863882983508838, 68.31060528907732, 1.5383792615673384]]	[[array([0.144]), array([0.076]), array([0.057])], [array([0.023]), array([0.121]), array([0.072])], [array([0.045]), array([0.041]), array([0.051])]]
000093.png	[[1.5869559139784946, 1.59985376344086, 3.864616129032258, -12.44150737878513, 0.13502769710170134, 64.54650365644333, 1.5714612903225806], [1.4792869448698314, 1.601822741194487, 3.9317432618683004, 10.512565848285838, -0.47859103123129176, 67.89442856899642, 1.5491508085157264]]	[[array([0.055]), array([0.089]), array([0.062])], [array([0.017]), array([0.06]), array([0.022])]]
000094.png	[[1.5869559139784946, 1.59985376344086, 3.864616129032258, -12.309981354268778, 0.19228467409295982, 64.36165765417161, 1.5714612903225806], [1.4792869448698314, 1.601822741194487, 3.9317432618683004, 10.609021563875624, -0.48119605548563144, 67.64469485637716, 1.5491508085157264]]	[[array([0.055]), array([0.089]), array([0.062])], [array([0.017]), array([0.06]), array([0.022])]]
000095.png	[[1.4756727368531983, 1.612967161977026, 3.908013109916746, 10.722117267363757, -0.5039904119087748, 67.27555350194197, 1.548171831788711]]	[[array([0.017]), array([0.041]), array([0.006])]]
000096.png	[[1.4879, 1.54896, 3.9573400000000003, -12.30273086762621, -0.14731107842199195, 69.20000327016534, 1.5656542857142857], [1.4808805260104427, 1.5980493444208084, 3.948959373428737, 10.686145926576756, -0.36154868880328506, 67.0159859354581, 1.5141347094118383]]	[[array([-0.06]), array([-0.21]), array([0.104])], [array([-0.001]), array([0.025]), array([0.01])]]
000097.png	[[1.5802010752688171, 1.5804172043010751, 3.89962688172043, -12.241374838922438, 0.06189161369263896, 68.96812461999697, 1.5704225806451613], [1.4816988689112167, 1.6285947925847581, 4.088282363828663, 10.753755282962567, -0.35008130088147005, 66.75102956930512, 1.5190127932287896]]	[[array([-0.036]), array([-0.016]), array([0.055])], [array([-0.001]), array([0.015]), array([0.008])]]
000098.png	[[1.555075, 1.5850479508196722, 3.7921774590163935, -12.258193623681574, 0.0778246157391008, 68.4586820270381, -1.5679086753436509], [1.4816988689112167, 1.6285947925847581, 4.088282363828663, 10.846090050517361, -0.4443212220016846, 66.46706911807495, 1.5190127932287896]]	[[array([-0.064]), array([0.038]), array([-0.054])], [array([-0.001]), array([0.015]), array([0.008])]]
000099.png	[[1.478765789473684, 1.5943368421052633, 3.9768078947368424, -12.30818274996582, 0.21991636938462505, 63.04421487763251, -1.5962659078070345], [1.589397965571205, 1.6084463223787169, 3.9038917057902975, -12.108828787150063, 0.11147513997072901, 68.45885941551676, 1.5612689995180888]]	[[array([-0.2]), array([0.243]), array([-0.003])], [array([-0.033]), array([0.083]), array([0.025])]]
000100.png	[[1.478765789473684, 1.5943368421052633, 3.9768078947368424, -12.420613744511302, 0.44934045948602425, 62.80995867014356, -1.5962659078070345], [1.5423037059175135, 1.5985906754333534, 3.786467065152421, -11.959753897288572, 0.1585018743277783, 67.98712515197388, -1.5992214076221274]]	[[array([-0.2]), array([0.243]), array([-0.003])], [array([-0.013]), array([0.078]), array([-0.034])]]
000101.png	[[1.4789359712230217, 1.5919122302158273, 3.863376978417266, -12.060017181941607, 0.0391719943734371, 62.5846483984845, 1.5251799736672291], [1.5753045662100456, 1.6237505251141553, 3.9372883333333335, -11.845233719260918, 0.18215750109037387, 67.974087414288, 1.5472097019415307]]	[[array([-0.063]), array([0.025]), array([0.005])], [array([-0.014]), array([0.058]), array([0.017])]]
000102.png	[[1.5382482849604222, 1.612864907651715, 4.011127704485488, -11.916467296498775, 0.11002263853662002, 62.46253155192148, 1.5482427871761077], [1.5222125926571901, 1.5873788785209733, 3.960348225342287, -11.671283057295138, -0.029510676780650502, 67.75409203528255, 1.5756950897797073]]	[[array([-0.04]), array([0.029]), array([0.029])], [array([-0.003]), array([0.009]), array([0.015])]]
000103.png	[[1.5558331663326654, 1.6138170340681364, 3.982331362725451, -11.819481181563752, 0.09353056754792381, 62.16798489398112, 1.5459833831059568], [1.4978542686785916, 1.5883189833783018, 3.972617297891476, -11.682941127357477, -0.1473501894818523, 67.54352117359247, 1.5478865925353553]]	[[array([-0.031]), array([0.026]), array([0.009])], [array([-0.019]), array([-0.005]), array([0.015])]]
000104.png	[[1.5558331663326654, 1.6138170340681364, 3.982331362725451, -11.700854333527355, 0.07464625986417887, 61.931273240006696, 1.5459833831059568], [1.479526922489694, 1.5585798157667057, 3.876873141126775, -11.56363182560371, -0.16158732215328153, 67.0455886360321, 1.5808360908252825]]	[[array([-0.031]), array([0.026]), array([0.009])], [array([-0.022]), array([0.]), array([-0.02])]]
000105.png	[[1.5150472378952893, 1.5988881064504998, 4.003524905354114, -11.628470676776018, 0.07136821924590647, 67.06191171348149, -1.521043822901823]]	[[array([-0.046]), array([0.023]), array([0.012])]]
000106.png	[[1.5150472378952893, 1.5988881064504998, 4.003524905354114, -11.53596381810735, 0.21333467381737356, 66.8505690056007, -1.521043822901823]]	[[array([-0.046]), array([0.023]), array([0.012])]]
000107.png	[[1.5226832882902246, 1.609244289912851, 3.9286135800943485, -11.41320885221868, 0.17019465102254377, 66.62373682480653, -1.5766574751059]]	[[array([-0.043]), array([0.005]), array([0.014])]]
000108.png	[[1.446171052631579, 1.578707894736842, 3.6836026315789474, -5.420205526338379, 0.8618931113296582, 42.0777848246707, 1.5795315789473685], [1.5138341068399905, 1.60902640955116, 3.9041773695545925, -11.234915713647883, 0.19514108824302684, 66.30805152337949, -1.5833292045156926]]	[[array([0.074]), array([-0.089]), array([0.698])], [array([-0.032]), array([0.006]), array([0.003])]]
000109.png	[[1.446171052631579, 1.578707894736842, 3.6836026315789474, -5.259959519521674, 0.7327093359679273, 42.53002585888284, 1.5795315789473685], [1.5132547906096778, 1.6161421236027143, 3.91492055281705, -11.171172032238989, 0.1424919949222138, 66.13369187689878, -1.5343787341154618]]	[[array([0.074]), array([-0.089]), array([0.698])], [array([-0.036]), array([0.007]), array([0.009])]]
000110.png	[[1.5132547906096778, 1.6161421236027143, 3.91492055281705, -11.04881015958824, 0.06092199045855348, 65.88157795876366, -1.5343787341154618]]	[[array([-0.036]), array([0.007]), array([0.009])]]
000111.png	[]	[]
000112.png	[]	[]
000113.png	[]	[]
000114.png	[]	[]
000115.png	[]	[]
000116.png	[]	[]
000117.png	[]	[]
000118.png	[]	[]
000119.png	[]	[]
000120.png	[[1.5433052631578947, 1.6309473684210525, 4.055347368421052, 10.315057320474555, 0.9576378005738753, 41.8543687234735, -0.9973526315789474]]	[[array([0.095]), array([-0.081]), array([-0.081])]]
000121.png	[[1.5433052631578947, 1.6309473684210525, 4.055347368421052, 10.459017220734914, 0.8732578220127485, 41.34521155348183, -0.9973526315789474]]	[[array([0.095]), array([-0.081]), array([-0.081])]]
000122.png	[]	[]
000123.png	[]	[]
000124.png	[]	[]
000125.png	[]	[]
000126.png	[[1.4525960784313727, 1.5831254901960785, 3.684174509803922, -4.2822454501220095, 1.251854809480094, 44.60251392182355, 1.5846901960784314]]	[[array([0.064]), array([-0.045]), array([2.631])]]
000127.png	[[1.4525960784313727, 1.5831254901960785, 3.684174509803922, -4.113364236799718, 1.1777396778250189, 46.802465500297714, 1.5846901960784314]]	[[array([0.064]), array([-0.045]), array([2.631])]]
000128.png	[]	[]
000129.png	[]	[]
000130.png	[]	[]
000131.png	[]	[]
000132.png	[]	[]
000133.png	[]	[]
000134.png	[]	[]
000135.png	[]	[]
000136.png	[]	[]
000137.png	[[1.4738714285714285, 1.5899257142857142, 3.82652, 15.082471725201565, 1.219344917049995, 34.369034778771386, -2.7331260526593573]]	[[array([-0.506]), array([-0.027]), array([-0.86])]]
000138.png	[[1.4738714285714285, 1.5899257142857142, 3.82652, 14.701645010126986, 1.2375758966963117, 32.92452007060821, -2.7331260526593573]]	[[array([-0.506]), array([-0.027]), array([-0.86])]]
000139.png	[]	[]
000140.png	[]	[]
000141.png	[]	[]
000142.png	[]	[]
000143.png	[]	[]
000144.png	[]	[]
000145.png	[]	[]
000146.png	[]	[]
000147.png	[]	[]
000148.png	[]	[]
000149.png	[]	[]
000150.png	[]	[]
000151.png	[[1.4847212765957447, 1.6099574468085107, 4.053968085106383, 5.960636679888731, 1.2825442990064084, 46.54333647911576, 1.6099493444571857]]	[[array([-0.347]), array([-0.114]), array([0.095])]]
000152.png	[[1.566072093023256, 1.6286728682170544, 4.111706201550388, 6.886859400904509, 1.273983865978133, 44.993847139420645, -2.511992523482423]]	[[array([0.202]), array([-0.082]), array([-0.275])]]
000153.png	[[1.6356857142857142, 1.6309600000000002, 3.7453857142857143, 3.250269571009851, 1.397500609013611, 61.50761254589736, -3.1212501348205794], [1.4995623529411766, 1.5958605882352943, 3.9406682352941176, 6.0985311497305394, 1.2934355256940662, 44.91847394408933, -1.879865986850684]]	[[array([0.535]), array([0.056]), array([-0.063])], [array([0.022]), array([-0.043]), array([-0.06])]]
000154.png	[[1.5750129032258064, 1.631483870967742, 3.7660376344086024, 4.629524389443175, 1.4410717134747497, 61.148591754805956, -0.17102163272126367], [1.4947620650953986, 1.5944626262626262, 4.04903265993266, 5.568395654702936, 1.3732227739159502, 44.613462716066415, -1.6660421274177695]]	[[array([1.227]), array([0.042]), array([0.125])], [array([-0.018]), array([-0.02]), array([0.029])]]
000155.png	[[1.5750129032258064, 1.631483870967742, 3.7660376344086024, 5.316932138862203, 1.5482606959071572, 60.68541962781412, -0.17102163272126367], [1.476242863266181, 1.5722963566223747, 3.848813673381912, 5.119836333169592, 1.3512583860158374, 44.14335318257012, -1.6021057589066579]]	[[array([1.227]), array([0.042]), array([0.125])], [array([-0.025]), array([-0.031]), array([0.047])]]
000156.png	[[1.4812714285714286, 1.6067657142857144, 3.913742857142857, 14.340862102605923, 1.468313812989865, 16.22501330763306, -2.3506376911282207], [1.4619396037982975, 1.576748510150622, 3.760796054354944, 4.64633527759881, 1.2605028501809192, 43.61916897739563, -1.5178630870218128]]	[[array([-0.4]), array([-0.005]), array([-0.002])], [array([-0.017]), array([-0.045]), array([0.048])]]
000157.png	[[1.4812714285714286, 1.6067657142857144, 3.913742857142857, 13.7538605268844, 1.5142183894107641, 15.68551021751323, -2.3506376911282207], [1.5006041273216184, 1.607125858295291, 3.9224764867738102, 4.138735789798654, 1.2254222355636633, 42.973322035223156, 1.5887305041959368]]	[[array([-0.4]), array([-0.005]), array([-0.002])], [array([-0.015]), array([-0.055]), array([0.041])]]
000158.png	[[1.47206484375, 1.61703515625, 3.9915265625000003, 13.902831845436394, 1.4245016554727108, 16.876048307378955, -1.2612024936678727], [1.5006041273216184, 1.607125858295291, 3.9224764867738102, 3.662449477425995, 1.2009988292597407, 42.42007744013476, 1.5887305041959368]]	[[array([-0.153]), array([-0.05]), array([0.578])], [array([-0.015]), array([-0.055]), array([0.041])]]
000159.png	[[1.4981131805157593, 1.6137833810888254, 4.011076790830946, 13.803822204717038, 1.4040219883203815, 15.349405635859853, -2.034764238365294], [1.480774312085177, 1.5886551714601769, 3.863374818514934, 3.0417955528110867, 1.222553318451705, 41.78092913059189, -1.6038314631318646]]	[[array([-0.079]), array([-0.022]), array([0.155])], [array([-0.023]), array([-0.029]), array([0.039])]]
000160.png	[[1.4981131805157593, 1.6137833810888254, 4.011076790830946, 13.549577799165744, 1.3542257462820684, 15.005927051357107, -2.034764238365294], [1.4719940949504053, 1.5726094093681184, 3.692777139430247, 2.3905799629662403, 1.2952884737944186, 40.94875292749579, -1.7156976318305155]]	[[array([-0.079]), array([-0.022]), array([0.155])], [array([-0.043]), array([-0.01]), array([0.009])]]
000161.png	[[1.4812114285714286, 1.584382857142857, 3.8448828571428573, 2.0268870407012463, 1.2934013156105633, 57.380054775170855, -0.9400914285714286], [1.4708194113889725, 1.5950541616149443, 3.867868690810485, 2.0598877466344208, 1.2000943982955272, 40.353205380146946, 1.4844432883248249]]	[[array([-0.948]), array([-0.163]), array([0.679])], [array([-0.028]), array([-0.029]), array([0.012])]]
000162.png	[[1.4812114285714286, 1.584382857142857, 3.8448828571428573, 0.4523201934500898, 1.3882545934776653, 57.35898167977239, -0.9400914285714286], [1.4776092267314782, 1.593474803136568, 3.804445636255253, 1.9166508625581473, 1.1886573669303169, 39.657364624214644, -1.5194747715043895]]	[[array([-0.948]), array([-0.163]), array([0.679])], [array([0.007]), array([-0.048]), array([0.01])]]
000163.png	[[1.4842531914893617, 1.6085808510638298, 3.970204255319149, 9.196874846826027, 1.445639307026201, 23.56319133750894, -0.6001684933933559], [1.4776092267314782, 1.593474803136568, 3.804445636255253, 1.5739759003424283, 1.1691351563930898, 39.03955033825171, -1.5194747715043895]]	[[array([-0.684]), array([-0.052]), array([1.193])], [array([0.007]), array([-0.048]), array([0.01])]]
000164.png	[[1.4842531914893617, 1.6085808510638298, 3.970204255319149, 8.290014177009315, 1.4433002402814161, 24.18596826208649, -0.6001684933933559], [1.482450875787535, 1.6033344141090078, 3.873012804409103, 0.10274221509512871, 1.1385563547052397, 37.733407859762714, 2.711096807728737]]	[[array([-0.684]), array([-0.052]), array([1.193])], [array([-0.104]), array([-0.052]), array([-0.058])]]
000165.png	[[1.537222885841494, 1.6070464092599364, 3.9215437616675892, 0.1838183644900772, 1.1943264274409804, 37.641186254759425, 1.987063116737375]]	[[array([-0.06]), array([-0.047]), array([0.008])]]
000166.png	[[1.5123085714285713, 1.6123714285714286, 3.8164914285714286, 1.0375171685997477, 1.362483738078292, 53.176637767605584, 3.0824231955165002], [1.537222885841494, 1.6070464092599364, 3.9215437616675892, -0.07348634627276483, 1.2514350958141325, 37.00659323627811, 1.987063116737375]]	[[array([0.569]), array([-0.043]), array([-0.163])], [array([-0.06]), array([-0.047]), array([0.008])]]
000167.png	[[1.4890085714285715, 1.6017228571428572, 3.7372742857142858, -4.042500597832613, 1.6485274189972217, 52.48919023591898, -0.22008911969964928], [1.5123085714285713, 1.6123714285714286, 3.8164914285714286, 1.4468467540184713, 1.4478643204458819, 52.37036711009513, 3.0824231955165002], [1.4789377266141799, 1.5571511103788078, 3.753156454962891, 0.5969231859042186, 1.3813745664203738, 36.41601492274581, -1.353302528503237]]	[[array([-0.002]), array([0.134]), array([-0.012])], [array([0.569]), array([-0.043]), array([-0.163])], [array([0.019]), array([-0.039]), array([0.013])]]
000168.png	[[1.5632182795698926, 1.6441172043010752, 3.9812021505376345, -6.829768492901799, 1.621972954021294, 51.5497325712564, -0.1583539697794379], [1.5093607433704888, 1.6048463268142235, 3.949791218783519, 1.346377105680534, 1.3755090895402464, 35.23995086904502, 2.626567191000876]]	[[array([-1.39]), array([0.063]), array([-0.119])], [array([0.092]), array([-0.036]), array([-0.032])]]
000169.png	[[1.5721184426229509, 1.6319151639344263, 3.918696721311475, -9.32767928321114, 1.479700035530387, 50.54897876452726, -0.16710827536675296], [1.486127444914108, 1.598305453984497, 3.8477111059710896, 0.9574823586508747, 1.4466648531059498, 34.964442292963746, -1.1814187416694235]]	[[array([-1.802]), array([-0.011]), array([-0.204])], [array([0.045]), array([-0.025]), array([0.007])]]
